,0,1,2
0,-90.0,-30.0,1495077490000.0
1,-90.0,-29.0,1527074000000.0
2,-90.0,-28.0,1546132650000.0
3,-90.0,-27.0,1549407220000.0
4,-90.0,-26.0,1534614830000.0
5,-90.0,-25.0,1500496530000.0
6,-90.0,-24.0,1447251940000.0
7,-90.0,-23.0,1376832060000.0
8,-90.0,-22.0,1292910070000.0
9,-90.0,-21.0,1200638000000.0
10,-90.0,-20.0,1105946210000.0
11,-90.0,-19.0,1014795990000.0
12,-90.0,-18.0,932470587000.0
13,-90.0,-17.0,863082250000.0
14,-90.0,-16.0,809442935000.0
15,-90.0,-15.0,773200544000.0
16,-90.0,-14.0,755145572000.0
17,-90.0,-13.0,755503071000.0
18,-90.0,-12.0,769380581000.0
19,-90.0,-11.0,805658100000.0
20,-90.0,-10.0,858416022000.0
21,-90.0,-9.0,925620371000.0
22,-90.0,-8.0,1004142590000.0
23,-90.0,-7.0,1089765180000.0
24,-90.0,-6.0,1177439440000.0
25,-90.0,-5.0,1261792000000.0
26,-90.0,-4.0,1337766050000.0
27,-90.0,-3.0,1401199260000.0
28,-90.0,-2.0,1449218280000.0
29,-90.0,-1.0,1480364130000.0
30,-90.0,0.0,1494498540000.0
31,-90.0,1.0,1492543600000.0
32,-90.0,2.0,1476126970000.0
33,-90.0,3.0,1447196880000.0
34,-90.0,4.0,1410012020000.0
35,-90.0,5.0,1367835930000.0
36,-90.0,6.0,1322890300000.0
37,-90.0,7.0,1276923480000.0
38,-90.0,8.0,1231270710000.0
39,-90.0,9.0,1186914890000.0
40,-90.0,10.0,1144551900000.0
41,-90.0,11.0,1104645850000.0
42,-90.0,12.0,1067480380000.0
43,-90.0,13.0,1030901200000.0
44,-90.0,14.0,999439073000.0
45,-90.0,15.0,970863739000.0
46,-90.0,16.0,945076961000.0
47,-90.0,17.0,921940591000.0
48,-90.0,18.0,901294850000.0
49,-90.0,19.0,882959843000.0
50,-89.0,-30.0,1495885810000.0
51,-89.0,-29.0,1527050400000.0
52,-89.0,-28.0,1545110550000.0
53,-89.0,-27.0,1547214390000.0
54,-89.0,-26.0,1531108260000.0
55,-89.0,-25.0,1495606230000.0
56,-89.0,-24.0,1441035060000.0
57,-89.0,-23.0,1369495700000.0
58,-89.0,-22.0,1284861720000.0
59,-89.0,-21.0,1192401170000.0
60,-89.0,-20.0,1098128820000.0
61,-89.0,-19.0,1008011120000.0
62,-89.0,-18.0,927255036000.0
63,-89.0,-17.0,859855585000.0
64,-89.0,-16.0,808498823000.0
65,-89.0,-15.0,774725370000.0
66,-89.0,-14.0,759245570000.0
67,-89.0,-13.0,762221494000.0
68,-89.0,-12.0,778568401000.0
69,-89.0,-11.0,817324884000.0
70,-89.0,-10.0,872302182000.0
71,-89.0,-9.0,941289570000.0
72,-89.0,-8.0,1020964110000.0
73,-89.0,-7.0,1106947340000.0
74,-89.0,-6.0,1194093710000.0
75,-89.0,-5.0,1277032270000.0
76,-89.0,-4.0,1350803650000.0
77,-89.0,-3.0,1411416330000.0
78,-89.0,-2.0,1456204020000.0
79,-89.0,-1.0,1483922080000.0
80,-89.0,0.0,1494622670000.0
81,-89.0,1.0,1489378870000.0
82,-89.0,2.0,1469913500000.0
83,-89.0,3.0,1438460020000.0
84,-89.0,4.0,1399563620000.0
85,-89.0,5.0,1356122820000.0
86,-89.0,6.0,1310287720000.0
87,-89.0,7.0,1263741440000.0
88,-89.0,8.0,1217759810000.0
89,-89.0,9.0,1173274490000.0
90,-89.0,10.0,1130937190000.0
91,-89.0,11.0,1091173940000.0
92,-89.0,12.0,1054236280000.0
93,-89.0,13.0,1017891850000.0
94,-89.0,14.0,986755957000.0
95,-89.0,15.0,958527373000.0
96,-89.0,16.0,933094359000.0
97,-89.0,17.0,910309851000.0
98,-89.0,18.0,890003653000.0
99,-89.0,19.0,871993049000.0
100,-88.0,-30.0,1496317560000.0
101,-88.0,-29.0,1526723250000.0
102,-88.0,-28.0,1543886470000.0
103,-88.0,-27.0,1544950510000.0
104,-88.0,-26.0,1527688590000.0
105,-88.0,-25.0,1490985290000.0
106,-88.0,-24.0,1435280470000.0
107,-88.0,-23.0,1362828200000.0
108,-88.0,-22.0,1277653810000.0
109,-88.0,-21.0,1185155510000.0
110,-88.0,-20.0,1091413740000.0
111,-88.0,-19.0,1002389500000.0
112,-88.0,-18.0,923208057000.0
113,-88.0,-17.0,857762890000.0
114,-88.0,-16.0,808600666000.0
115,-88.0,-15.0,777188868000.0
116,-88.0,-14.0,764155331000.0
117,-88.0,-13.0,769601831000.0
118,-88.0,-12.0,788251083000.0
119,-88.0,-11.0,829290316000.0
120,-88.0,-10.0,886270984000.0
121,-88.0,-9.0,956798927000.0
122,-88.0,-8.0,1037376950000.0
123,-88.0,-7.0,1123480760000.0
124,-88.0,-6.0,1209893910000.0
125,-88.0,-5.0,1291266420000.0
126,-88.0,-4.0,1362749420000.0
127,-88.0,-3.0,1420526350000.0
128,-88.0,-2.0,1462135820000.0
129,-88.0,-1.0,1486534870000.0
130,-88.0,0.0,1493952500000.0
131,-88.0,1.0,1485600460000.0
132,-88.0,2.0,1463270900000.0
133,-88.0,3.0,1429620130000.0
134,-88.0,4.0,1389192810000.0
135,-88.0,5.0,1344632390000.0
136,-88.0,6.0,1298020040000.0
137,-88.0,7.0,1250978300000.0
138,-88.0,8.0,1204726660000.0
139,-88.0,9.0,1160149340000.0
140,-88.0,10.0,1117857250000.0
141,-88.0,11.0,1078241850000.0
142,-88.0,12.0,1041525700000.0
143,-88.0,13.0,1005402130000.0
144,-88.0,14.0,974570062000.0
145,-88.0,15.0,946660966000.0
146,-88.0,16.0,921551307000.0
147,-88.0,17.0,899084845000.0
148,-88.0,18.0,879085486000.0
149,-88.0,19.0,861365076000.0
150,-87.0,-30.0,1496346260000.0
151,-87.0,-29.0,1526076150000.0
152,-87.0,-28.0,1542457390000.0
153,-87.0,-27.0,1542628440000.0
154,-87.0,-26.0,1524386230000.0
155,-87.0,-25.0,1486678650000.0
156,-87.0,-24.0,1430048470000.0
157,-87.0,-23.0,1356888150000.0
158,-87.0,-22.0,1271358820000.0
159,-87.0,-21.0,1178971930000.0
160,-87.0,-20.0,1085858190000.0
161,-87.0,-19.0,997961826000.0
162,-87.0,-18.0,920337056000.0
163,-87.0,-17.0,856764842000.0
164,-87.0,-16.0,809708880000.0
165,-87.0,-15.0,780525765000.0
166,-87.0,-14.0,769784807000.0
167,-87.0,-13.0,777530114000.0
168,-87.0,-12.0,798293492000.0
169,-87.0,-11.0,841404973000.0
170,-87.0,-10.0,900152820000.0
171,-87.0,-9.0,971973722000.0
172,-87.0,-8.0,1053211100000.0
173,-87.0,-7.0,1139214250000.0
174,-87.0,-6.0,1224717760000.0
175,-87.0,-5.0,1304411640000.0
176,-87.0,-4.0,1373566010000.0
177,-87.0,-3.0,1428538790000.0
178,-87.0,-2.0,1467064650000.0
179,-87.0,-1.0,1488290050000.0
180,-87.0,0.0,1492606910000.0
181,-87.0,1.0,1481348220000.0
182,-87.0,2.0,1456339420000.0
183,-87.0,3.0,1420822320000.0
184,-87.0,4.0,1379034990000.0
185,-87.0,5.0,1333488390000.0
186,-87.0,6.0,1286199440000.0
187,-87.0,7.0,1238732770000.0
188,-87.0,8.0,1192257650000.0
189,-87.0,9.0,1147614530000.0
190,-87.0,10.0,1105376840000.0
191,-87.0,11.0,1065904500000.0
192,-87.0,12.0,1029394790000.0
193,-87.0,13.0,993472807000.0
194,-87.0,14.0,962916123000.0
195,-87.0,15.0,935294337000.0
196,-87.0,16.0,910472839000.0
197,-87.0,17.0,888288772000.0
198,-87.0,18.0,868559421000.0
199,-87.0,19.0,851093684000.0
200,-86.0,-30.0,1495948330000.0
201,-86.0,-29.0,1525095600000.0
202,-86.0,-28.0,1540823190000.0
203,-86.0,-27.0,1540264170000.0
204,-86.0,-26.0,1521234080000.0
205,-86.0,-25.0,1482735480000.0
206,-86.0,-24.0,1425403540000.0
207,-86.0,-23.0,1351746850000.0
208,-86.0,-22.0,1266046210000.0
209,-86.0,-21.0,1173905870000.0
210,-86.0,-20.0,1081502920000.0
211,-86.0,-19.0,994752725000.0
212,-86.0,-18.0,918642688000.0
213,-86.0,-17.0,856864653000.0
214,-86.0,-16.0,811770905000.0
215,-86.0,-15.0,784659644000.0
216,-86.0,-14.0,776035434000.0
217,-86.0,-13.0,785881694000.0
218,-86.0,-12.0,808552038000.0
219,-86.0,-11.0,853500625000.0
220,-86.0,-10.0,913769628000.0
221,-86.0,-9.0,986635895000.0
222,-86.0,-8.0,1068297620000.0
223,-86.0,-7.0,1154001400000.0
224,-86.0,-6.0,1238455030000.0
225,-86.0,-5.0,1316400790000.0
226,-86.0,-4.0,1383233490000.0
227,-86.0,-3.0,1435476950000.0
228,-86.0,-2.0,1471055270000.0
229,-86.0,-1.0,1489288300000.0
230,-86.0,0.0,1490712920000.0
231,-86.0,1.0,1476768960000.0
232,-86.0,2.0,1449329690000.0
233,-86.0,3.0,1412212060000.0
234,-86.0,4.0,1369223860000.0
235,-86.0,5.0,1322811920000.0
236,-86.0,6.0,1274934070000.0
237,-86.0,7.0,1227101310000.0
238,-86.0,8.0,1180437450000.0
239,-86.0,9.0,1135743070000.0
240,-86.0,10.0,1093558270000.0
241,-86.0,11.0,1054216290000.0
242,-86.0,12.0,1017890540000.0
243,-86.0,13.0,982143140000.0
244,-86.0,14.0,951827825000.0
245,-86.0,15.0,924455797000.0
246,-86.0,16.0,899884646000.0
247,-86.0,17.0,877943259000.0
248,-86.0,18.0,858445185000.0
249,-86.0,19.0,841196241000.0
250,-85.0,-30.0,1495100420000.0
251,-85.0,-29.0,1523768890000.0
252,-85.0,-28.0,1538983720000.0
253,-85.0,-27.0,1537872890000.0
254,-85.0,-26.0,1518264910000.0
255,-85.0,-25.0,1479206500000.0
256,-85.0,-24.0,1421405980000.0
257,-85.0,-23.0,1347471280000.0
258,-85.0,-22.0,1261782960000.0
259,-85.0,-21.0,1170019320000.0
260,-85.0,-20.0,1078385380000.0
261,-85.0,-19.0,992776880000.0
262,-85.0,-18.0,918115254000.0
263,-85.0,-17.0,858002358000.0
264,-85.0,-16.0,814726971000.0
265,-85.0,-15.0,789505573000.0
266,-85.0,-14.0,782794752000.0
267,-85.0,-13.0,794523992000.0
268,-85.0,-12.0,818867143000.0
269,-85.0,-11.0,865405108000.0
270,-85.0,-10.0,926940201000.0
271,-85.0,-9.0,1000605940000.0
272,-85.0,-8.0,1082472790000.0
273,-85.0,-7.0,1167708260000.0
274,-85.0,-6.0,1251008320000.0
275,-85.0,-5.0,1327178450000.0
276,-85.0,-4.0,1391738750000.0
277,-85.0,-3.0,1441377160000.0
278,-85.0,-2.0,1474184090000.0
279,-85.0,-1.0,1489636950000.0
280,-85.0,0.0,1488403170000.0
281,-85.0,1.0,1472012620000.0
282,-85.0,2.0,1442452470000.0
283,-85.0,3.0,1403927000000.0
284,-85.0,4.0,1359886680000.0
285,-85.0,5.0,1312718720000.0
286,-85.0,6.0,1264326410000.0
287,-85.0,7.0,1216173970000.0
288,-85.0,8.0,1169344430000.0
289,-85.0,9.0,1124603000000.0
290,-85.0,10.0,1082461320000.0
291,-85.0,11.0,1043227740000.0
292,-85.0,12.0,1007056320000.0
293,-85.0,13.0,971451335000.0
294,-85.0,14.0,941337739000.0
295,-85.0,15.0,914175099000.0
296,-85.0,16.0,889811108000.0
297,-85.0,17.0,868071178000.0
298,-85.0,18.0,848763552000.0
299,-85.0,19.0,831691227000.0
300,-84.0,-30.0,1493780790000.0
301,-84.0,-29.0,1522083430000.0
302,-84.0,-28.0,1536939920000.0
303,-84.0,-27.0,1535470600000.0
304,-84.0,-26.0,1515511090000.0
305,-84.0,-25.0,1476136930000.0
306,-84.0,-24.0,1418115680000.0
307,-84.0,-23.0,1344125530000.0
308,-84.0,-22.0,1258626090000.0
309,-84.0,-21.0,1167358030000.0
310,-84.0,-20.0,1076540280000.0
311,-84.0,-19.0,992046350000.0
312,-84.0,-18.0,918739747000.0
313,-84.0,-17.0,860153250000.0
314,-84.0,-16.0,818510299000.0
315,-84.0,-15.0,794970685000.0
316,-84.0,-14.0,789946040000.0
317,-84.0,-13.0,803315974000.0
318,-84.0,-12.0,829080404000.0
319,-84.0,-11.0,876948226000.0
320,-84.0,-10.0,939487920000.0
321,-84.0,-9.0,1013710720000.0
322,-84.0,-8.0,1095581040000.0
323,-84.0,-7.0,1180207420000.0
324,-84.0,-6.0,1262290080000.0
325,-84.0,-5.0,1336703190000.0
326,-84.0,-4.0,1399088870000.0
327,-84.0,-3.0,1446285150000.0
328,-84.0,-2.0,1476533680000.0
329,-84.0,-1.0,1489449910000.0
330,-84.0,0.0,1485812790000.0
331,-84.0,1.0,1467228230000.0
332,-84.0,2.0,1435851160000.0
333,-84.0,3.0,1396100830000.0
334,-84.0,4.0,1351145620000.0
335,-84.0,5.0,1303318230000.0
336,-84.0,6.0,1254475170000.0
337,-84.0,7.0,1206037770000.0
338,-84.0,8.0,1159054620000.0
339,-84.0,9.0,1114260900000.0
340,-84.0,10.0,1072142680000.0
341,-84.0,11.0,1032988130000.0
342,-84.0,12.0,996934156000.0
343,-84.0,13.0,961433960000.0
344,-84.0,14.0,931478307000.0
345,-84.0,15.0,904478654000.0
346,-84.0,16.0,880277586000.0
347,-84.0,17.0,858693960000.0
348,-84.0,18.0,839533855000.0
349,-84.0,19.0,822597059000.0
350,-83.0,-30.0,1491968200000.0
351,-83.0,-29.0,1520027040000.0
352,-83.0,-28.0,1534690850000.0
353,-83.0,-27.0,1533070280000.0
354,-83.0,-26.0,1512999620000.0
355,-83.0,-25.0,1473569750000.0
356,-83.0,-24.0,1415581400000.0
357,-83.0,-23.0,1341765710000.0
358,-83.0,-22.0,1256636550000.0
359,-83.0,-21.0,1165967490000.0
360,-83.0,-20.0,1075994360000.0
361,-83.0,-19.0,992562643000.0
362,-83.0,-18.0,920494473000.0
363,-83.0,-17.0,863266341000.0
364,-83.0,-16.0,823047225000.0
365,-83.0,-15.0,800957465000.0
366,-83.0,-14.0,797366813000.0
367,-83.0,-13.0,812113134000.0
368,-83.0,-12.0,839027458000.0
369,-83.0,-11.0,887951000000.0
370,-83.0,-10.0,951232954000.0
371,-83.0,-9.0,1025781860000.0
372,-83.0,-8.0,1107475960000.0
373,-83.0,-7.0,1191385240000.0
374,-83.0,-6.0,1272224280000.0
375,-83.0,-5.0,1344943420000.0
376,-83.0,-4.0,1405296310000.0
377,-83.0,-3.0,1450253620000.0
378,-83.0,-2.0,1478190560000.0
379,-83.0,-1.0,1488840820000.0
380,-83.0,0.0,1483076400000.0
381,-83.0,1.0,1462561140000.0
382,-83.0,2.0,1429658660000.0
383,-83.0,3.0,1388858700000.0
384,-83.0,4.0,1343115360000.0
385,-83.0,5.0,1294715450000.0
386,-83.0,6.0,1245473010000.0
387,-83.0,7.0,1196775440000.0
388,-83.0,8.0,1149640250000.0
389,-83.0,9.0,1104778890000.0
390,-83.0,10.0,1062656870000.0
391,-83.0,11.0,1023544850000.0
392,-83.0,12.0,987566047000.0
393,-83.0,13.0,952126800000.0
394,-83.0,14.0,922281378000.0
395,-83.0,15.0,895395955000.0
396,-83.0,16.0,871308591000.0
397,-83.0,17.0,849834213000.0
398,-83.0,18.0,830775755000.0
399,-83.0,19.0,813931954000.0
400,-82.0,-30.0,1489639700000.0
401,-82.0,-29.0,1517583470000.0
402,-82.0,-28.0,1532231160000.0
403,-82.0,-27.0,1530680310000.0
404,-82.0,-26.0,1510753830000.0
405,-82.0,-25.0,1471540230000.0
406,-82.0,-24.0,1413851250000.0
407,-82.0,-23.0,1340443720000.0
408,-82.0,-22.0,1255856280000.0
409,-82.0,-21.0,1165882820000.0
410,-82.0,-20.0,1076762250000.0
411,-82.0,-19.0,994329887000.0
412,-82.0,-18.0,923355447000.0
413,-82.0,-17.0,867290513000.0
414,-82.0,-16.0,828265333000.0
415,-82.0,-15.0,807367016000.0
416,-82.0,-14.0,804936483000.0
417,-82.0,-13.0,820772209000.0
418,-82.0,-12.0,848553837000.0
419,-82.0,-11.0,898246509000.0
420,-82.0,-10.0,962007794000.0
421,-82.0,-9.0,1036660700000.0
422,-82.0,-8.0,1118021480000.0
423,-82.0,-7.0,1201134900000.0
424,-82.0,-6.0,1280746060000.0
425,-82.0,-5.0,1351874900000.0
426,-82.0,-4.0,1410376930000.0
427,-82.0,-3.0,1453336820000.0
428,-82.0,-2.0,1479241890000.0
429,-82.0,-1.0,1487920300000.0
430,-82.0,0.0,1480320880000.0
431,-82.0,1.0,1458150570000.0
432,-82.0,2.0,1424000550000.0
433,-82.0,3.0,1382317160000.0
434,-82.0,4.0,1335904040000.0
435,-82.0,5.0,1287007370000.0
436,-82.0,6.0,1237407760000.0
437,-82.0,7.0,1188463640000.0
438,-82.0,8.0,1141170240000.0
439,-82.0,9.0,1096218510000.0
440,-82.0,10.0,1054057430000.0
441,-82.0,11.0,1014944100000.0
442,-82.0,12.0,978991251000.0
443,-82.0,13.0,943565373000.0
444,-82.0,14.0,913776443000.0
445,-82.0,15.0,886952886000.0
446,-82.0,16.0,862928175000.0
447,-82.0,17.0,841513959000.0
448,-82.0,18.0,822510420000.0
449,-82.0,19.0,805714395000.0
450,-81.0,-30.0,1486770930000.0
451,-81.0,-29.0,1514735530000.0
452,-81.0,-28.0,1529551650000.0
453,-81.0,-27.0,1528301490000.0
454,-81.0,-26.0,1508787220000.0
455,-81.0,-25.0,1470074450000.0
456,-81.0,-24.0,1412960350000.0
457,-81.0,-23.0,1340194550000.0
458,-81.0,-22.0,1256320930000.0
459,-81.0,-21.0,1167133510000.0
460,-81.0,-20.0,1078869300000.0
461,-81.0,-19.0,997329666000.0
462,-81.0,-18.0,927295341000.0
463,-81.0,-17.0,872176091000.0
464,-81.0,-16.0,834088141000.0
465,-81.0,-15.0,814102020000.0
466,-81.0,-14.0,812534268000.0
467,-81.0,-13.0,829154329000.0
468,-81.0,-12.0,857501663000.0
469,-81.0,-11.0,907671896000.0
470,-81.0,-10.0,971652006000.0
471,-81.0,-9.0,1046199400000.0
472,-81.0,-8.0,1127088910000.0
473,-81.0,-7.0,1209363330000.0
474,-81.0,-6.0,1287796290000.0
475,-81.0,-5.0,1357477180000.0
476,-81.0,-4.0,1414348540000.0
477,-81.0,-3.0,1455587850000.0
478,-81.0,-2.0,1479768150000.0
479,-81.0,-1.0,1486792690000.0
480,-81.0,0.0,1477666410000.0
481,-81.0,1.0,1454125350000.0
482,-81.0,2.0,1418990850000.0
483,-81.0,3.0,1376584600000.0
484,-81.0,4.0,1329611540000.0
485,-81.0,5.0,1280285610000.0
486,-81.0,6.0,1230362120000.0
487,-81.0,7.0,1181177870000.0
488,-81.0,8.0,1133710410000.0
489,-81.0,9.0,1088637040000.0
490,-81.0,10.0,1046395090000.0
491,-81.0,11.0,1007231370000.0
492,-81.0,12.0,971250598000.0
493,-81.0,13.0,935785923000.0
494,-81.0,14.0,905996665000.0
495,-81.0,15.0,879179203000.0
496,-81.0,16.0,855162094000.0
497,-81.0,17.0,833756266000.0
498,-81.0,18.0,814758494000.0
499,-81.0,19.0,797965287000.0
500,-80.0,-30.0,1483334350000.0
501,-80.0,-29.0,1511459130000.0
502,-80.0,-28.0,1526635560000.0
503,-80.0,-27.0,1525926990000.0
504,-80.0,-26.0,1507102430000.0
505,-80.0,-25.0,1469186570000.0
506,-80.0,-24.0,1412933620000.0
507,-80.0,-23.0,1341052940000.0
508,-80.0,-22.0,1258063400000.0
509,-80.0,-21.0,1169742230000.0
510,-80.0,-20.0,1082307050000.0
511,-80.0,-19.0,1001569580000.0
512,-80.0,-18.0,932288791000.0
513,-80.0,-17.0,877876937000.0
514,-80.0,-16.0,840447427000.0
515,-80.0,-15.0,821068694000.0
516,-80.0,-14.0,820049478000.0
517,-80.0,-13.0,837131895000.0
518,-80.0,-12.0,865727218000.0
519,-80.0,-11.0,916077609000.0
520,-80.0,-10.0,980015186000.0
521,-80.0,-9.0,1054260260000.0
522,-80.0,-8.0,1134564870000.0
523,-80.0,-7.0,1215980900000.0
524,-80.0,-6.0,1293319800000.0
525,-80.0,-5.0,1361730860000.0
526,-80.0,-4.0,1417225440000.0
527,-80.0,-3.0,1457050480000.0
528,-80.0,-2.0,1479840630000.0
529,-80.0,-1.0,1485548550000.0
530,-80.0,0.0,1475218110000.0
531,-80.0,1.0,1450598470000.0
532,-80.0,2.0,1414729960000.0
533,-80.0,3.0,1371756040000.0
534,-80.0,4.0,1324327370000.0
535,-80.0,5.0,1274633780000.0
536,-80.0,6.0,1224411970000.0
537,-80.0,7.0,1174986030000.0
538,-80.0,8.0,1127322750000.0
539,-80.0,9.0,1082089870000.0
540,-80.0,10.0,1039718550000.0
541,-80.0,11.0,1000449770000.0
542,-80.0,12.0,964382360000.0
543,-80.0,13.0,928822133000.0
544,-80.0,14.0,898972254000.0
545,-80.0,15.0,872100790000.0
546,-80.0,16.0,848036299000.0
547,-80.0,17.0,826583745000.0
548,-80.0,18.0,807541473000.0
549,-80.0,19.0,790703571000.0
550,-79.0,-30.0,1479300740000.0
551,-79.0,-29.0,1507725670000.0
552,-79.0,-28.0,1523457060000.0
553,-79.0,-27.0,1523537810000.0
554,-79.0,-26.0,1505689730000.0
555,-79.0,-25.0,1468874880000.0
556,-79.0,-24.0,1413775100000.0
557,-79.0,-23.0,1343029640000.0
558,-79.0,-22.0,1261099290000.0
559,-79.0,-21.0,1173722370000.0
560,-79.0,-20.0,1087099440000.0
561,-79.0,-19.0,1007039020000.0
562,-79.0,-18.0,938311877000.0
563,-79.0,-17.0,884349010000.0
564,-79.0,-16.0,847281521000.0
565,-79.0,-15.0,828187935000.0
566,-79.0,-14.0,827377189000.0
567,-79.0,-13.0,844583272000.0
568,-79.0,-12.0,873107423000.0
569,-79.0,-11.0,923330544000.0
570,-79.0,-10.0,986967704000.0
571,-79.0,-9.0,1060721000000.0
572,-79.0,-8.0,1140343570000.0
573,-79.0,-7.0,1220905400000.0
574,-79.0,-6.0,1297263890000.0
575,-79.0,-5.0,1364613660000.0
576,-79.0,-4.0,1419013780000.0
577,-79.0,-3.0,1457759190000.0
578,-79.0,-2.0,1479515570000.0
579,-79.0,-1.0,1484263000000.0
580,-79.0,0.0,1473064470000.0
581,-79.0,1.0,1447671100000.0
582,-79.0,2.0,1411304000000.0
583,-79.0,3.0,1367916150000.0
584,-79.0,4.0,1320132150000.0
585,-79.0,5.0,1270127130000.0
586,-79.0,6.0,1219628370000.0
587,-79.0,7.0,1169953910000.0
588,-79.0,8.0,1122065970000.0
589,-79.0,9.0,1076631110000.0
590,-79.0,10.0,1034076950000.0
591,-79.0,11.0,994642559000.0
592,-79.0,12.0,958424416000.0
593,-79.0,13.0,922708410000.0
594,-79.0,14.0,892734669000.0
595,-79.0,15.0,865748124000.0
596,-79.0,16.0,841574842000.0
597,-79.0,17.0,820020707000.0
598,-79.0,18.0,800880853000.0
599,-79.0,19.0,783948382000.0
600,-78.0,-30.0,1474635100000.0
601,-78.0,-29.0,1503498470000.0
602,-78.0,-28.0,1519981040000.0
603,-78.0,-27.0,1521099600000.0
604,-78.0,-26.0,1504522140000.0
605,-78.0,-25.0,1469121300000.0
606,-78.0,-24.0,1415478120000.0
607,-78.0,-23.0,1346127000000.0
608,-78.0,-22.0,1265435540000.0
609,-78.0,-21.0,1179085180000.0
610,-78.0,-20.0,1093251830000.0
611,-78.0,-19.0,1013733920000.0
612,-78.0,-18.0,945351033000.0
613,-78.0,-17.0,891563278000.0
614,-78.0,-16.0,854541861000.0
615,-78.0,-15.0,835392176000.0
616,-78.0,-14.0,834437906000.0
617,-78.0,-13.0,851411796000.0
618,-78.0,-12.0,879525167000.0
619,-78.0,-11.0,929311162000.0
620,-78.0,-10.0,992391725000.0
621,-78.0,-9.0,1065472750000.0
622,-78.0,-8.0,1144327500000.0
623,-78.0,-7.0,1224062010000.0
624,-78.0,-6.0,1299571670000.0
625,-78.0,-5.0,1366090710000.0
626,-78.0,-4.0,1419707020000.0
627,-78.0,-3.0,1457729310000.0
628,-78.0,-2.0,1478830590000.0
629,-78.0,-1.0,1482990680000.0
630,-78.0,0.0,1471273240000.0
631,-78.0,1.0,1445430560000.0
632,-78.0,2.0,1408783090000.0
633,-78.0,3.0,1365135070000.0
634,-78.0,4.0,1317096000000.0
635,-78.0,5.0,1266833820000.0
636,-78.0,6.0,1216075660000.0
637,-78.0,7.0,1166141030000.0
638,-78.0,8.0,1117996580000.0
639,-78.0,9.0,1072311630000.0
640,-78.0,10.0,1029516560000.0
641,-78.0,11.0,989852140000.0
642,-78.0,12.0,953416679000.0
643,-78.0,13.0,917481652000.0
644,-78.0,14.0,887315956000.0
645,-78.0,15.0,860148990000.0
646,-78.0,16.0,835805708000.0
647,-78.0,17.0,814090879000.0
648,-78.0,18.0,794799112000.0
649,-78.0,19.0,777722528000.0
650,-77.0,-30.0,1469299690000.0
651,-77.0,-29.0,1498733610000.0
652,-77.0,-28.0,1516159110000.0
653,-77.0,-27.0,1518566240000.0
654,-77.0,-26.0,1503555490000.0
655,-77.0,-25.0,1469890300000.0
656,-77.0,-24.0,1418017240000.0
657,-77.0,-23.0,1350327070000.0
658,-77.0,-22.0,1271065350000.0
659,-77.0,-21.0,1185824770000.0
660,-77.0,-20.0,1100746330000.0
661,-77.0,-19.0,1021655710000.0
662,-77.0,-18.0,953396298000.0
663,-77.0,-17.0,899500212000.0
664,-77.0,-16.0,862196793000.0
665,-77.0,-15.0,842632528000.0
666,-77.0,-14.0,841165308000.0
667,-77.0,-13.0,857539740000.0
668,-77.0,-12.0,884892041000.0
669,-77.0,-11.0,933925683000.0
670,-77.0,-10.0,996191437000.0
671,-77.0,-9.0,1068421870000.0
672,-77.0,-8.0,1146431730000.0
673,-77.0,-7.0,1225374700000.0
674,-77.0,-6.0,1300184690000.0
675,-77.0,-5.0,1366121640000.0
676,-77.0,-4.0,1419280650000.0
677,-77.0,-3.0,1456956110000.0
678,-77.0,-2.0,1477797870000.0
679,-77.0,-1.0,1481760960000.0
680,-77.0,0.0,1469886890000.0
681,-77.0,1.0,1443923490000.0
682,-77.0,2.0,1407218880000.0
683,-77.0,3.0,1363469140000.0
684,-77.0,4.0,1315276190000.0
685,-77.0,5.0,1264812030000.0
686,-77.0,6.0,1213810340000.0
687,-77.0,7.0,1163603210000.0
688,-77.0,8.0,1115166870000.0
689,-77.0,9.0,1069180650000.0
690,-77.0,10.0,1026083130000.0
691,-77.0,11.0,986121306000.0
692,-77.0,12.0,949396046000.0
693,-77.0,13.0,913176134000.0
694,-77.0,14.0,882747834000.0
695,-77.0,15.0,855332880000.0
696,-77.0,16.0,830754652000.0
697,-77.0,17.0,808819360000.0
698,-77.0,18.0,789318730000.0
699,-77.0,19.0,772045210000.0
700,-76.0,-30.0,1463252550000.0
701,-76.0,-29.0,1493379840000.0
702,-76.0,-28.0,1511932170000.0
703,-76.0,-27.0,1515873370000.0
704,-76.0,-26.0,1502723570000.0
705,-76.0,-25.0,1471120930000.0
706,-76.0,-24.0,1421339660000.0
707,-76.0,-23.0,1355593290000.0
708,-76.0,-22.0,1277965630000.0
709,-76.0,-21.0,1193940090000.0
710,-76.0,-20.0,1109605350000.0
711,-76.0,-19.0,1030808140000.0
712,-76.0,-18.0,962453438000.0
713,-76.0,-17.0,908155879000.0
714,-76.0,-16.0,870228099000.0
715,-76.0,-15.0,849882513000.0
716,-76.0,-14.0,847520924000.0
717,-76.0,-13.0,862911660000.0
718,-76.0,-12.0,889153061000.0
719,-76.0,-11.0,937106080000.0
720,-76.0,-10.0,998291145000.0
721,-76.0,-9.0,1069490570000.0
722,-76.0,-8.0,1146579450000.0
723,-76.0,-7.0,1224769400000.0
724,-76.0,-6.0,1299034670000.0
725,-76.0,-5.0,1364649050000.0
726,-76.0,-4.0,1417689560000.0
727,-76.0,-3.0,1455409070000.0
728,-76.0,-2.0,1476403920000.0
729,-76.0,-1.0,1480574370000.0
730,-76.0,0.0,1468920370000.0
731,-76.0,1.0,1443172450000.0
732,-76.0,2.0,1406642420000.0
733,-76.0,3.0,1362957040000.0
734,-76.0,4.0,1314718880000.0
735,-76.0,5.0,1264110270000.0
736,-76.0,6.0,1212884060000.0
737,-76.0,7.0,1162391320000.0
738,-76.0,8.0,1113626510000.0
739,-76.0,9.0,1067286590000.0
740,-76.0,10.0,1023822730000.0
741,-76.0,11.0,983491740000.0
742,-76.0,12.0,946403803000.0
743,-76.0,13.0,909828686000.0
744,-76.0,14.0,879064973000.0
745,-76.0,15.0,851330662000.0
746,-76.0,16.0,826451558000.0
747,-76.0,17.0,804231512000.0
748,-76.0,18.0,784463954000.0
749,-76.0,19.0,766939234000.0
750,-75.0,-30.0,1456448210000.0
751,-75.0,-29.0,1487376480000.0
752,-75.0,-28.0,1507227600000.0
753,-75.0,-27.0,1512938670000.0
754,-75.0,-26.0,1501944090000.0
755,-75.0,-25.0,1472729840000.0
756,-75.0,-24.0,1425374710000.0
757,-75.0,-23.0,1361869280000.0
758,-75.0,-22.0,1286100620000.0
759,-75.0,-21.0,1203407030000.0
760,-75.0,-20.0,1119820970000.0
761,-75.0,-19.0,1041203460000.0
762,-75.0,-18.0,972537201000.0
763,-75.0,-17.0,917546009000.0
764,-75.0,-16.0,878646067000.0
765,-75.0,-15.0,857142002000.0
766,-75.0,-14.0,853493088000.0
767,-75.0,-13.0,867513270000.0
768,-75.0,-12.0,892266021000.0
769,-75.0,-11.0,938808902000.0
770,-75.0,-10.0,998639731000.0
771,-75.0,-9.0,1068618740000.0
772,-75.0,-8.0,1144703290000.0
773,-75.0,-7.0,1222173520000.0
774,-75.0,-6.0,1296047410000.0
775,-75.0,-5.0,1361598220000.0
776,-75.0,-4.0,1414865090000.0
777,-75.0,-3.0,1453029720000.0
778,-75.0,-2.0,1474601940000.0
779,-75.0,-1.0,1479398920000.0
780,-75.0,0.0,1468356230000.0
781,-75.0,1.0,1443170480000.0
782,-75.0,2.0,1407062110000.0
783,-75.0,3.0,1363619870000.0
784,-75.0,4.0,1315453530000.0
785,-75.0,5.0,1264767340000.0
786,-75.0,6.0,1213339800000.0
787,-75.0,7.0,1162550440000.0
788,-75.0,8.0,1113422690000.0
789,-75.0,9.0,1066675270000.0
790,-75.0,10.0,1022778610000.0
791,-75.0,11.0,982006039000.0
792,-75.0,12.0,944478093000.0
793,-75.0,13.0,907476206000.0
794,-75.0,14.0,876300730000.0
795,-75.0,15.0,848174055000.0
796,-75.0,16.0,822923297000.0
797,-75.0,17.0,800354009000.0
798,-75.0,18.0,780258443000.0
799,-75.0,19.0,762427146000.0
800,-74.0,-30.0,1448840530000.0
801,-74.0,-29.0,1480656810000.0
802,-74.0,-28.0,1501960470000.0
803,-74.0,-27.0,1509662130000.0
804,-74.0,-26.0,1501105490000.0
805,-74.0,-25.0,1474607970000.0
806,-74.0,-24.0,1430019510000.0
807,-74.0,-23.0,1369072210000.0
808,-74.0,-22.0,1295412100000.0
809,-74.0,-21.0,1214200680000.0
810,-74.0,-20.0,1131389910000.0
811,-74.0,-19.0,1052856290000.0
812,-74.0,-18.0,983677600000.0
813,-74.0,-17.0,927706186000.0
814,-74.0,-16.0,887487332000.0
815,-74.0,-15.0,864439501000.0
816,-74.0,-14.0,859103363000.0
817,-74.0,-13.0,871353352000.0
818,-74.0,-12.0,894238786000.0
819,-74.0,-11.0,939022483000.0
820,-74.0,-10.0,997213012000.0
821,-74.0,-9.0,1065767400000.0
822,-74.0,-8.0,1140746490000.0
823,-74.0,-7.0,1217516010000.0
824,-74.0,-6.0,1291137190000.0
825,-74.0,-5.0,1356876480000.0
826,-74.0,-4.0,1410712080000.0
827,-74.0,-3.0,1449725530000.0
828,-74.0,-2.0,1472309360000.0
829,-74.0,-1.0,1478166320000.0
830,-74.0,0.0,1468141400000.0
831,-74.0,1.0,1443881030000.0
832,-74.0,2.0,1408460390000.0
833,-74.0,3.0,1365457760000.0
834,-74.0,4.0,1317495770000.0
835,-74.0,5.0,1266807600000.0
836,-74.0,6.0,1215210060000.0
837,-74.0,7.0,1164120560000.0
838,-74.0,8.0,1114596180000.0
839,-74.0,9.0,1067388900000.0
840,-74.0,10.0,1022994020000.0
841,-74.0,11.0,981705425000.0
842,-74.0,12.0,943659090000.0
843,-74.0,13.0,906156114000.0
844,-74.0,14.0,874490429000.0
845,-74.0,15.0,845895107000.0
846,-74.0,16.0,820201325000.0
847,-74.0,17.0,797213917000.0
848,-74.0,18.0,776727495000.0
849,-74.0,19.0,758530900000.0
850,-73.0,-30.0,1440385990000.0
851,-73.0,-29.0,1473149270000.0
852,-73.0,-28.0,1496034180000.0
853,-73.0,-27.0,1505926970000.0
854,-73.0,-26.0,1500075260000.0
855,-73.0,-25.0,1476619140000.0
856,-73.0,-24.0,1435146260000.0
857,-73.0,-23.0,1377093030000.0
858,-73.0,-22.0,1305819350000.0
859,-73.0,-21.0,1226274500000.0
860,-73.0,-20.0,1144300770000.0
861,-73.0,-19.0,1065789230000.0
862,-73.0,-18.0,995916841000.0
863,-73.0,-17.0,938687726000.0
864,-73.0,-16.0,896810484000.0
865,-73.0,-15.0,871834911000.0
866,-73.0,-14.0,864407847000.0
867,-73.0,-13.0,874478109000.0
868,-73.0,-12.0,895106154000.0
869,-73.0,-11.0,937770877000.0
870,-73.0,-10.0,994014331000.0
871,-73.0,-9.0,1060919570000.0
872,-73.0,-8.0,1134669200000.0
873,-73.0,-7.0,1210729230000.0
874,-73.0,-6.0,1284212790000.0
875,-73.0,-5.0,1350372290000.0
876,-73.0,-4.0,1405106910000.0
877,-73.0,-3.0,1445371580000.0
878,-73.0,-2.0,1469407170000.0
879,-73.0,-1.0,1476770000000.0
880,-73.0,0.0,1468185710000.0
881,-73.0,1.0,1445235000000.0
882,-73.0,2.0,1410791110000.0
883,-73.0,3.0,1368445680000.0
884,-73.0,4.0,1320839680000.0
885,-73.0,5.0,1270242870000.0
886,-73.0,6.0,1218518710000.0
887,-73.0,7.0,1167131930000.0
888,-73.0,8.0,1117185380000.0
889,-73.0,9.0,1069468350000.0
890,-73.0,10.0,1024510530000.0
891,-73.0,11.0,982631121000.0
892,-73.0,12.0,943986442000.0
893,-73.0,13.0,905907798000.0
894,-73.0,14.0,873669460000.0
895,-73.0,15.0,844527108000.0
896,-73.0,16.0,818314150000.0
897,-73.0,17.0,794838630000.0
898,-73.0,18.0,773895094000.0
899,-73.0,19.0,755272188000.0
900,-72.0,-30.0,1431035840000.0
901,-72.0,-29.0,1464778880000.0
902,-72.0,-28.0,1489343350000.0
903,-72.0,-27.0,1501600550000.0
904,-72.0,-26.0,1498702680000.0
905,-72.0,-25.0,1478599380000.0
906,-72.0,-24.0,1440595440000.0
907,-72.0,-23.0,1385792140000.0
908,-72.0,-22.0,1317218290000.0
909,-72.0,-21.0,1239564290000.0
910,-72.0,-20.0,1158537670000.0
911,-72.0,-19.0,1080022990000.0
912,-72.0,-18.0,1009309450000.0
913,-72.0,-17.0,950572286000.0
914,-72.0,-16.0,906704257000.0
915,-72.0,-15.0,879420244000.0
916,-72.0,-14.0,869491999000.0
917,-72.0,-13.0,876972081000.0
918,-72.0,-12.0,894939496000.0
919,-72.0,-11.0,935109263000.0
920,-72.0,-10.0,989082354000.0
921,-72.0,-9.0,1054084560000.0
922,-72.0,-8.0,1126445610000.0
923,-72.0,-7.0,1201750800000.0
924,-72.0,-6.0,1275176030000.0
925,-72.0,-5.0,1341957340000.0
926,-72.0,-4.0,1397900840000.0
927,-72.0,-3.0,1439807700000.0
928,-72.0,-2.0,1465735580000.0
929,-72.0,-1.0,1475060430000.0
930,-72.0,0.0,1468356360000.0
931,-72.0,1.0,1447118640000.0
932,-72.0,2.0,1413976030000.0
933,-72.0,3.0,1372533420000.0
934,-72.0,4.0,1325459050000.0
935,-72.0,5.0,1275067370000.0
936,-72.0,6.0,1223276490000.0
937,-72.0,7.0,1171608440000.0
938,-72.0,8.0,1121221210000.0
939,-72.0,9.0,1072951530000.0
940,-72.0,10.0,1027368480000.0
941,-72.0,11.0,984824807000.0
942,-72.0,12.0,945500848000.0
943,-72.0,13.0,906769007000.0
944,-72.0,14.0,873876161000.0
945,-72.0,15.0,844104663000.0
946,-72.0,16.0,817294475000.0
947,-72.0,17.0,793256657000.0
948,-72.0,18.0,771787194000.0
949,-72.0,19.0,752674406000.0
950,-71.0,-30.0,1420655200000.0
951,-71.0,-29.0,1455474340000.0
952,-71.0,-28.0,1481777610000.0
953,-71.0,-27.0,1496536190000.0
954,-71.0,-26.0,1496812620000.0
955,-71.0,-25.0,1480356660000.0
956,-71.0,-24.0,1446174920000.0
957,-71.0,-23.0,1394994320000.0
958,-71.0,-22.0,1329469190000.0
959,-71.0,-21.0,1253987710000.0
960,-71.0,-20.0,1174064200000.0
961,-71.0,-19.0,1095576130000.0
962,-71.0,-18.0,1023916050000.0
963,-71.0,-17.0,963449324000.0
964,-71.0,-16.0,917281898000.0
965,-71.0,-15.0,887319364000.0
966,-71.0,-14.0,874487218000.0
967,-71.0,-13.0,878962737000.0
968,-71.0,-12.0,893854614000.0
969,-71.0,-11.0,931138896000.0
970,-71.0,-10.0,982492447000.0
971,-71.0,-9.0,1045302940000.0
972,-71.0,-8.0,1116074280000.0
973,-71.0,-7.0,1190533400000.0
974,-71.0,-6.0,1263930570000.0
975,-71.0,-5.0,1331492290000.0
976,-71.0,-4.0,1388919780000.0
977,-71.0,-3.0,1432840040000.0
978,-71.0,-2.0,1461095500000.0
979,-71.0,-1.0,1472845190000.0
980,-71.0,0.0,1468477730000.0
981,-71.0,1.0,1449367570000.0
982,-71.0,2.0,1417898890000.0
983,-71.0,3.0,1377639330000.0
984,-71.0,4.0,1331303150000.0
985,-71.0,5.0,1281255540000.0
986,-71.0,6.0,1229478560000.0
987,-71.0,7.0,1177562120000.0
988,-71.0,8.0,1126727680000.0
989,-71.0,9.0,1077869540000.0
990,-71.0,10.0,1031604860000.0
991,-71.0,11.0,988324626000.0
992,-71.0,12.0,948241695000.0
993,-71.0,13.0,908779782000.0
994,-71.0,14.0,875145789000.0
995,-71.0,15.0,844661588000.0
996,-71.0,16.0,817173299000.0
997,-71.0,17.0,792497029000.0
998,-71.0,18.0,770429223000.0
999,-71.0,19.0,750758593000.0
1000,-70.0,-30.0,1409168970000.0
1001,-70.0,-29.0,1445174970000.0
1002,-70.0,-28.0,1473224380000.0
1003,-70.0,-27.0,1490579360000.0
1004,-70.0,-26.0,1494210840000.0
1005,-70.0,-25.0,1481674720000.0
1006,-70.0,-24.0,1451659760000.0
1007,-70.0,-23.0,1404492450000.0
1008,-70.0,-22.0,1342399050000.0
1009,-70.0,-21.0,1269410430000.0
1010,-70.0,-20.0,1190825950000.0
1011,-70.0,-19.0,1112457740000.0
1012,-70.0,-18.0,1039801840000.0
1013,-70.0,-17.0,977428611000.0
1014,-70.0,-16.0,928682541000.0
1015,-70.0,-15.0,895687983000.0
1016,-70.0,-14.0,879556100000.0
1017,-70.0,-13.0,880606118000.0
1018,-70.0,-12.0,892006498000.0
1019,-70.0,-11.0,926000480000.0
1020,-70.0,-10.0,974355890000.0
1021,-70.0,-9.0,1034649990000.0
1022,-70.0,-8.0,1103582330000.0
1023,-70.0,-7.0,1177044780000.0
1024,-70.0,-6.0,1250385720000.0
1025,-70.0,-5.0,1318828510000.0
1026,-70.0,-4.0,1377970420000.0
1027,-70.0,-3.0,1424244470000.0
1028,-70.0,-2.0,1455248240000.0
1029,-70.0,-1.0,1469887410000.0
1030,-70.0,0.0,1468327660000.0
1031,-70.0,1.0,1451785980000.0
1032,-70.0,2.0,1422404880000.0
1033,-70.0,3.0,1383645710000.0
1034,-70.0,4.0,1338291000000.0
1035,-70.0,5.0,1288759020000.0
1036,-70.0,6.0,1237103670000.0
1037,-70.0,7.0,1184992070000.0
1038,-70.0,8.0,1133719850000.0
1039,-70.0,9.0,1084247830000.0
1040,-70.0,10.0,1037251580000.0
1041,-70.0,11.0,993168261000.0
1042,-70.0,12.0,952247190000.0
1043,-70.0,13.0,911978660000.0
1044,-70.0,14.0,877516620000.0
1045,-70.0,15.0,846232224000.0
1046,-70.0,16.0,817982145000.0
1047,-70.0,17.0,792586355000.0
1048,-70.0,18.0,769844642000.0
1049,-70.0,19.0,749546439000.0
1050,-69.0,-30.0,1396525110000.0
1051,-69.0,-29.0,1433785860000.0
1052,-69.0,-28.0,1463579050000.0
1053,-69.0,-27.0,1483571990000.0
1054,-69.0,-26.0,1490694960000.0
1055,-69.0,-25.0,1482313960000.0
1056,-69.0,-24.0,1456795810000.0
1057,-69.0,-23.0,1414037770000.0
1058,-69.0,-22.0,1355800770000.0
1059,-69.0,-21.0,1285691020000.0
1060,-69.0,-20.0,1208739950000.0
1061,-69.0,-19.0,1130658140000.0
1062,-69.0,-18.0,1057029290000.0
1063,-69.0,-17.0,992626278000.0
1064,-69.0,-16.0,941058687000.0
1065,-69.0,-15.0,904708686000.0
1066,-69.0,-14.0,884895384000.0
1067,-69.0,-13.0,882108400000.0
1068,-69.0,-12.0,889594446000.0
1069,-69.0,-11.0,919874765000.0
1070,-69.0,-10.0,964828201000.0
1071,-69.0,-9.0,1022243700000.0
1072,-69.0,-8.0,1089032490000.0
1073,-69.0,-7.0,1161282450000.0
1074,-69.0,-6.0,1234465850000.0
1075,-69.0,-5.0,1303821420000.0
1076,-69.0,-4.0,1364847230000.0
1077,-69.0,-3.0,1413770120000.0
1078,-69.0,-2.0,1447917910000.0
1079,-69.0,-1.0,1465906630000.0
1080,-69.0,0.0,1467638610000.0
1081,-69.0,1.0,1454129680000.0
1082,-69.0,2.0,1427292030000.0
1083,-69.0,3.0,1390396310000.0
1084,-69.0,4.0,1346308540000.0
1085,-69.0,5.0,1297501650000.0
1086,-69.0,6.0,1246107660000.0
1087,-69.0,7.0,1193880720000.0
1088,-69.0,8.0,1142199550000.0
1089,-69.0,9.0,1092104360000.0
1090,-69.0,10.0,1044336540000.0
1091,-69.0,11.0,999388414000.0
1092,-69.0,12.0,957553705000.0
1093,-69.0,13.0,916401881000.0
1094,-69.0,14.0,881024106000.0
1095,-69.0,15.0,848851108000.0
1096,-69.0,16.0,819751158000.0
1097,-69.0,17.0,793552552000.0
1098,-69.0,18.0,770056651000.0
1099,-69.0,19.0,749056164000.0
1100,-68.0,-30.0,1382683250000.0
1101,-68.0,-29.0,1421143440000.0
1102,-68.0,-28.0,1452751320000.0
1103,-68.0,-27.0,1475359410000.0
1104,-68.0,-26.0,1486053700000.0
1105,-68.0,-25.0,1482017210000.0
1106,-68.0,-24.0,1461297740000.0
1107,-68.0,-23.0,1423347550000.0
1108,-68.0,-22.0,1369411160000.0
1109,-68.0,-21.0,1302629320000.0
1110,-68.0,-20.0,1227684320000.0
1111,-68.0,-19.0,1150142640000.0
1112,-68.0,-18.0,1075640860000.0
1113,-68.0,-17.0,1009157540000.0
1114,-68.0,-16.0,954584728000.0
1115,-68.0,-15.0,914588631000.0
1116,-68.0,-14.0,890734379000.0
1117,-68.0,-13.0,883706692000.0
1118,-68.0,-12.0,886855434000.0
1119,-68.0,-11.0,912990798000.0
1120,-68.0,-10.0,954116997000.0
1121,-68.0,-9.0,1008243110000.0
1122,-68.0,-8.0,1072527250000.0
1123,-68.0,-7.0,1143277880000.0
1124,-68.0,-6.0,1216119960000.0
1125,-68.0,-5.0,1286337860000.0
1126,-68.0,-4.0,1349340230000.0
1127,-68.0,-3.0,1401148800000.0
1128,-68.0,-2.0,1438798180000.0
1129,-68.0,-1.0,1460581430000.0
1130,-68.0,0.0,1466093930000.0
1131,-68.0,1.0,1456107420000.0
1132,-68.0,2.0,1432309730000.0
1133,-68.0,3.0,1397688890000.0
1134,-68.0,4.0,1355201900000.0
1135,-68.0,5.0,1307374910000.0
1136,-68.0,6.0,1256421720000.0
1137,-68.0,7.0,1204190050000.0
1138,-68.0,8.0,1152155390000.0
1139,-68.0,9.0,1101445600000.0
1140,-68.0,10.0,1052878900000.0
1141,-68.0,11.0,1007013460000.0
1142,-68.0,12.0,964193616000.0
1143,-68.0,13.0,922085556000.0
1144,-68.0,14.0,885703049000.0
1145,-68.0,15.0,852550353000.0
1146,-68.0,16.0,822510682000.0
1147,-68.0,17.0,795420721000.0
1148,-68.0,18.0,771088056000.0
1149,-68.0,19.0,749305201000.0
1150,-67.0,-30.0,1367621760000.0
1151,-67.0,-29.0,1407186240000.0
1152,-67.0,-28.0,1440672120000.0
1153,-67.0,-27.0,1465801900000.0
1154,-67.0,-26.0,1480077870000.0
1155,-67.0,-25.0,1480517620000.0
1156,-67.0,-24.0,1464857260000.0
1157,-67.0,-23.0,1432091890000.0
1158,-67.0,-22.0,1382930320000.0
1159,-67.0,-21.0,1319972370000.0
1160,-67.0,-20.0,1247489690000.0
1161,-67.0,-19.0,1170837600000.0
1162,-67.0,-18.0,1095660210000.0
1163,-67.0,-17.0,1027131570000.0
1164,-67.0,-16.0,969436234000.0
1165,-67.0,-15.0,925550510000.0
1166,-67.0,-14.0,897329332000.0
1167,-67.0,-13.0,885673427000.0
1168,-67.0,-12.0,884067467000.0
1169,-67.0,-11.0,905618063000.0
1170,-67.0,-10.0,942467187000.0
1171,-67.0,-9.0,992861880000.0
1172,-67.0,-8.0,1054224220000.0
1173,-67.0,-7.0,1123109310000.0
1174,-67.0,-6.0,1195336270000.0
1175,-67.0,-5.0,1266267850000.0
1176,-67.0,-4.0,1331250590000.0
1177,-67.0,-3.0,1386103700000.0
1178,-67.0,-2.0,1427559280000.0
1179,-67.0,-1.0,1453553750000.0
1180,-67.0,0.0,1463334210000.0
1181,-67.0,1.0,1457377900000.0
1182,-67.0,2.0,1437152710000.0
1183,-67.0,3.0,1405271150000.0
1184,-67.0,4.0,1364774490000.0
1185,-67.0,5.0,1318232920000.0
1186,-67.0,6.0,1267944910000.0
1187,-67.0,7.0,1215859000000.0
1188,-67.0,8.0,1163555640000.0
1189,-67.0,9.0,1112262970000.0
1190,-67.0,10.0,1062888210000.0
1191,-67.0,11.0,1016063590000.0
1192,-67.0,12.0,972194775000.0
1193,-67.0,13.0,929060487000.0
1194,-67.0,14.0,891583857000.0
1195,-67.0,15.0,857359647000.0
1196,-67.0,16.0,826287063000.0
1197,-67.0,17.0,798214390000.0
1198,-67.0,18.0,772957209000.0
1199,-67.0,19.0,750309212000.0
1200,-66.0,-30.0,1351338690000.0
1201,-66.0,-29.0,1391878730000.0
1202,-66.0,-28.0,1427153880000.0
1203,-66.0,-27.0,1454785300000.0
1204,-66.0,-26.0,1472572560000.0
1205,-66.0,-25.0,1477547790000.0
1206,-66.0,-24.0,1467150370000.0
1207,-66.0,-23.0,1439925140000.0
1208,-66.0,-22.0,1396008160000.0
1209,-66.0,-21.0,1337416220000.0
1210,-66.0,-20.0,1267930760000.0
1211,-66.0,-19.0,1192617310000.0
1212,-66.0,-18.0,1117071340000.0
1213,-66.0,-17.0,1046631810000.0
1214,-66.0,-16.0,985772786000.0
1215,-66.0,-15.0,937823502000.0
1216,-66.0,-14.0,904947302000.0
1217,-66.0,-13.0,888306794000.0
1218,-66.0,-12.0,881540923000.0
1219,-66.0,-11.0,898067857000.0
1220,-66.0,-10.0,930176696000.0
1221,-66.0,-9.0,976364306000.0
1222,-66.0,-8.0,1034329130000.0
1223,-66.0,-7.0,1100910170000.0
1224,-66.0,-6.0,1172153830000.0
1225,-66.0,-5.0,1243544420000.0
1226,-66.0,-4.0,1310401760000.0
1227,-66.0,-3.0,1368365070000.0
1228,-66.0,-2.0,1413858070000.0
1229,-66.0,-1.0,1444436510000.0
1230,-66.0,0.0,1458957060000.0
1231,-66.0,1.0,1457551570000.0
1232,-66.0,2.0,1441441380000.0
1233,-66.0,3.0,1412835570000.0
1234,-66.0,4.0,1374776460000.0
1235,-66.0,5.0,1329884820000.0
1236,-66.0,6.0,1280538710000.0
1237,-66.0,7.0,1228793580000.0
1238,-66.0,8.0,1176344990000.0
1239,-66.0,9.0,1124530650000.0
1240,-66.0,10.0,1074358520000.0
1241,-66.0,11.0,1026548240000.0
1242,-66.0,12.0,981575991000.0
1243,-66.0,13.0,937350070000.0
1244,-66.0,14.0,898694840000.0
1245,-66.0,15.0,863305531000.0
1246,-66.0,16.0,831104483000.0
1247,-66.0,17.0,801954922000.0
1248,-66.0,18.0,775680492000.0
1249,-66.0,19.0,752080847000.0
1250,-65.0,-30.0,1333855260000.0
1251,-65.0,-29.0,1375209260000.0
1252,-65.0,-28.0,1412106940000.0
1253,-65.0,-27.0,1442244850000.0
1254,-65.0,-26.0,1463369070000.0
1255,-65.0,-25.0,1472850950000.0
1256,-65.0,-24.0,1467848590000.0
1257,-65.0,-23.0,1446463540000.0
1258,-65.0,-22.0,1408254210000.0
1259,-65.0,-21.0,1354598580000.0
1260,-65.0,-20.0,1288715890000.0
1261,-65.0,-19.0,1215295780000.0
1262,-65.0,-18.0,1139806040000.0
1263,-65.0,-17.0,1067701700000.0
1264,-65.0,-16.0,1003748790000.0
1265,-65.0,-15.0,951633707000.0
1266,-65.0,-14.0,913870815000.0
1267,-65.0,-13.0,891928510000.0
1268,-65.0,-12.0,879619080000.0
1269,-65.0,-11.0,890682933000.0
1270,-65.0,-10.0,917587231000.0
1271,-65.0,-9.0,959067783000.0
1272,-65.0,-8.0,1013114730000.0
1273,-65.0,-7.0,1076877920000.0
1274,-65.0,-6.0,1146671730000.0
1275,-65.0,-5.0,1218152500000.0
1276,-65.0,-4.0,1286659770000.0
1277,-65.0,-3.0,1347685190000.0
1278,-65.0,-2.0,1397354140000.0
1279,-65.0,-1.0,1432825890000.0
1280,-65.0,0.0,1452527450000.0
1281,-65.0,1.0,1456193930000.0
1282,-65.0,2.0,1444733260000.0
1283,-65.0,3.0,1420015700000.0
1284,-65.0,4.0,1384904260000.0
1285,-65.0,5.0,1342089990000.0
1286,-65.0,6.0,1294023390000.0
1287,-65.0,7.0,1242867300000.0
1288,-65.0,8.0,1190439290000.0
1289,-65.0,9.0,1138199490000.0
1290,-65.0,10.0,1087268850000.0
1291,-65.0,11.0,1038465040000.0
1292,-65.0,12.0,992347226000.0
1293,-65.0,13.0,946973114000.0
1294,-65.0,14.0,907055727000.0
1295,-65.0,15.0,870409306000.0
1296,-65.0,16.0,836983128000.0
1297,-65.0,17.0,806659097000.0
1298,-65.0,18.0,779272389000.0
1299,-65.0,19.0,754629280000.0
1300,-64.0,-30.0,1315219440000.0
1301,-64.0,-29.0,1357197340000.0
1302,-64.0,-28.0,1395511390000.0
1303,-64.0,-27.0,1428020530000.0
1304,-64.0,-26.0,1452341330000.0
1305,-64.0,-25.0,1466198920000.0
1306,-64.0,-24.0,1466629620000.0
1307,-64.0,-23.0,1451317400000.0
1308,-64.0,-22.0,1419241190000.0
1309,-64.0,-21.0,1371104220000.0
1310,-64.0,-20.0,1309489500000.0
1311,-64.0,-19.0,1238613230000.0
1312,-64.0,-18.0,1163729310000.0
1313,-64.0,-17.0,1090340780000.0
1314,-64.0,-16.0,1023475380000.0
1315,-64.0,-15.0,967190053000.0
1316,-64.0,-14.0,924384166000.0
1317,-64.0,-13.0,896865075000.0
1318,-64.0,-12.0,878665073000.0
1319,-64.0,-11.0,883848708000.0
1320,-64.0,-10.0,905080013000.0
1321,-64.0,-9.0,941336363000.0
1322,-64.0,-8.0,990908973000.0
1323,-64.0,-7.0,1051277720000.0
1324,-64.0,-6.0,1119065340000.0
1325,-64.0,-5.0,1190150010000.0
1326,-64.0,-4.0,1259950960000.0
1327,-64.0,-3.0,1323859570000.0
1328,-64.0,-2.0,1377727680000.0
1329,-64.0,-1.0,1418314650000.0
1330,-64.0,0.0,1443586640000.0
1331,-64.0,1.0,1452831280000.0
1332,-64.0,2.0,1446578090000.0
1333,-64.0,3.0,1426383440000.0
1334,-64.0,4.0,1394792860000.0
1335,-64.0,5.0,1354551260000.0
1336,-64.0,6.0,1308167370000.0
1337,-64.0,7.0,1257908730000.0
1338,-64.0,8.0,1205719660000.0
1339,-64.0,9.0,1153192820000.0
1340,-64.0,10.0,1101574570000.0
1341,-64.0,11.0,1051794280000.0
1342,-64.0,12.0,1004506450000.0
1343,-64.0,13.0,957938270000.0
1344,-64.0,14.0,916681654000.0
1345,-64.0,15.0,878687879000.0
1346,-64.0,16.0,843939971000.0
1347,-64.0,17.0,812342706000.0
1348,-64.0,18.0,783746138000.0
1349,-64.0,19.0,757965521000.0
1350,-63.0,-30.0,1295504640000.0
1351,-63.0,-29.0,1337894110000.0
1352,-63.0,-28.0,1377384920000.0
1353,-63.0,-27.0,1412007720000.0
1354,-63.0,-26.0,1439435720000.0
1355,-63.0,-25.0,1457407390000.0
1356,-63.0,-24.0,1463200780000.0
1357,-63.0,-23.0,1454100710000.0
1358,-63.0,-22.0,1428518730000.0
1359,-63.0,-21.0,1386466120000.0
1360,-63.0,-20.0,1329821120000.0
1361,-63.0,-19.0,1262230830000.0
1362,-63.0,-18.0,1188626170000.0
1363,-63.0,-17.0,1114471660000.0
1364,-63.0,-16.0,1045011370000.0
1365,-63.0,-15.0,984666604000.0
1366,-63.0,-14.0,936749040000.0
1367,-63.0,-13.0,903444890000.0
1368,-63.0,-12.0,879041053000.0
1369,-63.0,-11.0,877971243000.0
1370,-63.0,-10.0,893070148000.0
1371,-63.0,-9.0,923586462000.0
1372,-63.0,-8.0,968108343000.0
1373,-63.0,-7.0,1024453840000.0
1374,-63.0,-6.0,1089591710000.0
1375,-63.0,-5.0,1159680230000.0
1376,-63.0,-4.0,1230281510000.0
1377,-63.0,-3.0,1296747590000.0
1378,-63.0,-2.0,1354701860000.0
1379,-63.0,-1.0,1400513890000.0
1380,-63.0,0.0,1431669830000.0
1381,-63.0,1.0,1446960960000.0
1382,-63.0,2.0,1446479270000.0
1383,-63.0,3.0,1431443600000.0
1384,-63.0,4.0,1404013120000.0
1385,-63.0,5.0,1366910570000.0
1386,-63.0,6.0,1322685040000.0
1387,-63.0,7.0,1273699370000.0
1388,-63.0,8.0,1222027380000.0
1389,-63.0,9.0,1169401710000.0
1390,-63.0,10.0,1117205820000.0
1391,-63.0,11.0,1066495970000.0
1392,-63.0,12.0,1018034450000.0
1393,-63.0,13.0,970240623000.0
1394,-63.0,14.0,927578194000.0
1395,-63.0,15.0,888152457000.0
1396,-63.0,16.0,851987726000.0
1397,-63.0,17.0,819018269000.0
1398,-63.0,18.0,789113012000.0
1399,-63.0,19.0,762098614000.0
1400,-62.0,-30.0,1274811650000.0
1401,-62.0,-29.0,1317383700000.0
1402,-62.0,-28.0,1357784020000.0
1403,-62.0,-27.0,1394222830000.0
1404,-62.0,-26.0,1424540170000.0
1405,-62.0,-25.0,1446357500000.0
1406,-62.0,-24.0,1457313150000.0
1407,-62.0,-23.0,1454447390000.0
1408,-62.0,-22.0,1435632400000.0
1409,-62.0,-21.0,1400181490000.0
1410,-62.0,-20.0,1349218730000.0
1411,-62.0,-19.0,1285724960000.0
1412,-62.0,-18.0,1214187700000.0
1413,-62.0,-17.0,1139933450000.0
1414,-62.0,-16.0,1068345200000.0
1415,-62.0,-15.0,1004187090000.0
1416,-62.0,-14.0,951198155000.0
1417,-62.0,-13.0,911982068000.0
1418,-62.0,-12.0,881133617000.0
1419,-62.0,-11.0,873456992000.0
1420,-62.0,-10.0,882004656000.0
1421,-62.0,-9.0,906270540000.0
1422,-62.0,-8.0,945152721000.0
1423,-62.0,-7.0,996815405000.0
1424,-62.0,-6.0,1058595800000.0
1425,-62.0,-5.0,1126982480000.0
1426,-62.0,-4.0,1197753370000.0
1427,-62.0,-3.0,1266296950000.0
1428,-62.0,-2.0,1328067120000.0
1429,-62.0,-1.0,1379075490000.0
1430,-62.0,0.0,1416323140000.0
1431,-62.0,1.0,1438068770000.0
1432,-62.0,2.0,1443903310000.0
1433,-62.0,3.0,1434635730000.0
1434,-62.0,4.0,1412071950000.0
1435,-62.0,5.0,1378744010000.0
1436,-62.0,6.0,1337228130000.0
1437,-62.0,7.0,1289966320000.0
1438,-62.0,8.0,1239156520000.0
1439,-62.0,9.0,1186677650000.0
1440,-62.0,10.0,1134062730000.0
1441,-62.0,11.0,1082506940000.0
1442,-62.0,12.0,1032896580000.0
1443,-62.0,13.0,983864574000.0
1444,-62.0,14.0,939741807000.0
1445,-62.0,15.0,898807955000.0
1446,-62.0,16.0,861136552000.0
1447,-62.0,17.0,826697449000.0
1448,-62.0,18.0,795384742000.0
1449,-62.0,19.0,767040684000.0
1450,-61.0,-30.0,1253268000000.0
1451,-61.0,-29.0,1295783170000.0
1452,-61.0,-28.0,1336807520000.0
1453,-61.0,-27.0,1374732680000.0
1454,-61.0,-26.0,1407579460000.0
1455,-61.0,-25.0,1433032720000.0
1456,-61.0,-24.0,1448786790000.0
1457,-61.0,-23.0,1452038680000.0
1458,-61.0,-22.0,1440142070000.0
1459,-61.0,-21.0,1411728930000.0
1460,-61.0,-20.0,1367133650000.0
1461,-61.0,-19.0,1308584710000.0
1462,-61.0,-18.0,1240008360000.0
1463,-61.0,-17.0,1166461890000.0
1464,-61.0,-16.0,1093376150000.0
1465,-61.0,-15.0,1025801520000.0
1466,-61.0,-14.0,967911997000.0
1467,-61.0,-13.0,922761429000.0
1468,-61.0,-12.0,885296923000.0
1469,-61.0,-11.0,870725321000.0
1470,-61.0,-10.0,872329904000.0
1471,-61.0,-9.0,889870746000.0
1472,-61.0,-8.0,922536968000.0
1473,-61.0,-7.0,968845492000.0
1474,-61.0,-6.0,1026512060000.0
1475,-61.0,-5.0,1092405040000.0
1476,-61.0,-4.0,1162586360000.0
1477,-61.0,-3.0,1232567140000.0
1478,-61.0,-2.0,1297710190000.0
1479,-61.0,-1.0,1353722230000.0
1480,-61.0,0.0,1397134330000.0
1481,-61.0,1.0,1425647860000.0
1482,-61.0,2.0,1438297230000.0
1483,-61.0,3.0,1435409840000.0
1484,-61.0,4.0,1418415570000.0
1485,-61.0,5.0,1389561770000.0
1486,-61.0,6.0,1351383780000.0
1487,-61.0,7.0,1306374960000.0
1488,-61.0,8.0,1256847840000.0
1489,-61.0,9.0,1204828500000.0
1490,-61.0,10.0,1152008590000.0
1491,-61.0,11.0,1099735760000.0
1492,-61.0,12.0,1049036720000.0
1493,-61.0,13.0,998778601000.0
1494,-61.0,14.0,953158664000.0
1495,-61.0,15.0,910652473000.0
1496,-61.0,16.0,871392084000.0
1497,-61.0,17.0,835391783000.0
1498,-61.0,18.0,802575483000.0
1499,-61.0,19.0,772805231000.0
1500,-60.0,-30.0,1231021540000.0
1501,-60.0,-29.0,1273238650000.0
1502,-60.0,-28.0,1314590290000.0
1503,-60.0,-27.0,1353651850000.0
1504,-60.0,-26.0,1388630640000.0
1505,-60.0,-25.0,1417381940000.0
1506,-60.0,-24.0,1437535830000.0
1507,-60.0,-23.0,1446625540000.0
1508,-60.0,-22.0,1441652150000.0
1509,-60.0,-21.0,1420593200000.0
1510,-60.0,-20.0,1382985370000.0
1511,-60.0,-19.0,1330234650000.0
1512,-60.0,-18.0,1265584570000.0
1513,-60.0,-17.0,1193686470000.0
1514,-60.0,-16.0,1119888740000.0
1515,-60.0,-15.0,1049470570000.0
1516,-60.0,-14.0,987002634000.0
1517,-60.0,-13.0,936009925000.0
1518,-60.0,-12.0,891864678000.0
1519,-60.0,-11.0,870167216000.0
1520,-60.0,-10.0,864496321000.0
1521,-60.0,-9.0,874885218000.0
1522,-60.0,-8.0,900796908000.0
1523,-60.0,-7.0,941082804000.0
1524,-60.0,-6.0,993860256000.0
1525,-60.0,-5.0,1056400540000.0
1526,-60.0,-4.0,1125122050000.0
1527,-60.0,-3.0,1195746130000.0
1528,-60.0,-2.0,1263637630000.0
1529,-60.0,-1.0,1324275990000.0
1530,-60.0,0.0,1373758950000.0
1531,-60.0,1.0,1409226380000.0
1532,-60.0,2.0,1429111830000.0
1533,-60.0,3.0,1433191060000.0
1534,-60.0,4.0,1422446430000.0
1535,-60.0,5.0,1398812700000.0
1536,-60.0,6.0,1364674080000.0
1537,-60.0,7.0,1322529590000.0
1538,-60.0,8.0,1274786610000.0
1539,-60.0,9.0,1223614660000.0
1540,-60.0,10.0,1170868400000.0
1541,-60.0,11.0,1118062380000.0
1542,-60.0,12.0,1066376170000.0
1543,-60.0,13.0,1014934080000.0
1544,-60.0,14.0,967805895000.0
1545,-60.0,15.0,923679326000.0
1546,-60.0,16.0,882758844000.0
1547,-60.0,17.0,845111558000.0
1548,-60.0,18.0,810698670000.0
1549,-60.0,19.0,779409555000.0
1550,-59.0,-30.0,1208240050000.0
1551,-59.0,-29.0,1249922510000.0
1552,-59.0,-28.0,1291303910000.0
1553,-59.0,-27.0,1331139440000.0
1554,-59.0,-26.0,1367829120000.0
1555,-59.0,-25.0,1399412880000.0
1556,-59.0,-24.0,1423610740000.0
1557,-59.0,-23.0,1438058810000.0
1558,-59.0,-22.0,1439838900000.0
1559,-59.0,-21.0,1426297450000.0
1560,-59.0,-20.0,1396186020000.0
1561,-59.0,-19.0,1350042520000.0
1562,-59.0,-18.0,1290320220000.0
1563,-59.0,-17.0,1221117080000.0
1564,-59.0,-16.0,1147562890000.0
1565,-59.0,-15.0,1075044220000.0
1566,-59.0,-14.0,1008491690000.0
1567,-59.0,-13.0,951906796000.0
1568,-59.0,-12.0,901121769000.0
1569,-59.0,-11.0,872164884000.0
1570,-59.0,-10.0,858967572000.0
1571,-59.0,-9.0,861815636000.0
1572,-59.0,-8.0,880473735000.0
1573,-59.0,-7.0,914110611000.0
1574,-59.0,-6.0,961228374000.0
1575,-59.0,-5.0,1019526050000.0
1576,-59.0,-4.0,1085832170000.0
1577,-59.0,-3.0,1156166710000.0
1578,-59.0,-2.0,1226003320000.0
1579,-59.0,-1.0,1290689180000.0
1580,-59.0,0.0,1345956090000.0
1581,-59.0,1.0,1388400210000.0
1582,-59.0,2.0,1415826900000.0
1583,-59.0,3.0,1427398070000.0
1584,-59.0,4.0,1423569580000.0
1585,-59.0,5.0,1405890460000.0
1586,-59.0,6.0,1376558120000.0
1587,-59.0,7.0,1337971050000.0
1588,-59.0,8.0,1292599690000.0
1589,-59.0,9.0,1242744090000.0
1590,-59.0,10.0,1190424870000.0
1591,-59.0,11.0,1137330230000.0
1592,-59.0,12.0,1084809740000.0
1593,-59.0,13.0,1032265660000.0
1594,-59.0,14.0,983645684000.0
1595,-59.0,15.0,937873113000.0
1596,-59.0,16.0,895236768000.0
1597,-59.0,17.0,855866540000.0
1598,-59.0,18.0,819771343000.0
1599,-59.0,19.0,786871288000.0
1600,-58.0,-30.0,1185106620000.0
1601,-58.0,-29.0,1226027040000.0
1602,-58.0,-28.0,1267147340000.0
1603,-58.0,-27.0,1307395360000.0
1604,-58.0,-26.0,1345362720000.0
1605,-58.0,-25.0,1379283760000.0
1606,-58.0,-24.0,1407050970000.0
1607,-58.0,-23.0,1426314490000.0
1608,-58.0,-22.0,1434479100000.0
1609,-58.0,-21.0,1428433800000.0
1610,-58.0,-20.0,1406174360000.0
1611,-58.0,-19.0,1367354510000.0
1612,-58.0,-18.0,1313549580000.0
1613,-58.0,-17.0,1248161960000.0
1614,-58.0,-16.0,1175942070000.0
1615,-58.0,-15.0,1102250510000.0
1616,-58.0,-14.0,1032295680000.0
1617,-58.0,-13.0,970522821000.0
1618,-58.0,-12.0,913296065000.0
1619,-58.0,-11.0,877051773000.0
1620,-58.0,-10.0,856139760000.0
1621,-58.0,-9.0,851157844000.0
1622,-58.0,-8.0,862126408000.0
1623,-58.0,-7.0,888538923000.0
1624,-58.0,-6.0,929260831000.0
1625,-58.0,-5.0,982428811000.0
1626,-58.0,-4.0,1045312900000.0
1627,-58.0,-3.0,1114314110000.0
1628,-58.0,-2.0,1185123930000.0
1629,-58.0,-1.0,1253073490000.0
1630,-58.0,0.0,1313620750000.0
1631,-58.0,1.0,1362866080000.0
1632,-58.0,2.0,1397984330000.0
1633,-58.0,3.0,1417472250000.0
1634,-58.0,4.0,1421184470000.0
1635,-58.0,5.0,1410182550000.0
1636,-58.0,6.0,1386440820000.0
1637,-58.0,7.0,1352178470000.0
1638,-58.0,8.0,1309853350000.0
1639,-58.0,9.0,1261871300000.0
1640,-58.0,10.0,1210412560000.0
1641,-58.0,11.0,1157346360000.0
1642,-58.0,12.0,1104204530000.0
1643,-58.0,13.0,1050685210000.0
1644,-58.0,14.0,1000627440000.0
1645,-58.0,15.0,953209324000.0
1646,-58.0,16.0,908818973000.0
1647,-58.0,17.0,867662954000.0
1648,-58.0,18.0,829807002000.0
1649,-58.0,19.0,795210678000.0
1650,-57.0,-30.0,1161812900000.0
1651,-57.0,-29.0,1201762340000.0
1652,-57.0,-28.0,1242345370000.0
1653,-57.0,-27.0,1282653420000.0
1654,-57.0,-26.0,1321465810000.0
1655,-57.0,-25.0,1357216220000.0
1656,-57.0,-24.0,1387986420000.0
1657,-57.0,-23.0,1411545690000.0
1658,-57.0,-22.0,1425482320000.0
1659,-57.0,-21.0,1426698800000.0
1660,-57.0,-20.0,1412452970000.0
1661,-57.0,-19.0,1381525880000.0
1662,-57.0,-18.0,1334558330000.0
1663,-57.0,-17.0,1274130860000.0
1664,-57.0,-16.0,1204445900000.0
1665,-57.0,-15.0,1130679630000.0
1666,-57.0,-14.0,1058191900000.0
1667,-57.0,-13.0,991837946000.0
1668,-57.0,-12.0,928515621000.0
1669,-57.0,-11.0,885094482000.0
1670,-57.0,-10.0,856393449000.0
1671,-57.0,-9.0,843363189000.0
1672,-57.0,-8.0,846296121000.0
1673,-57.0,-7.0,864985612000.0
1674,-57.0,-6.0,898646540000.0
1675,-57.0,-5.0,945828200000.0
1676,-57.0,-4.0,1004270710000.0
1677,-57.0,-3.0,1070820160000.0
1678,-57.0,-2.0,1141489800000.0
1679,-57.0,-1.0,1211722100000.0
1680,-57.0,0.0,1276816650000.0
1681,-57.0,1.0,1332461440000.0
1682,-57.0,2.0,1375224330000.0
1683,-57.0,3.0,1402910930000.0
1684,-57.0,4.0,1414704530000.0
1685,-57.0,5.0,1411098870000.0
1686,-57.0,6.0,1393681760000.0
1687,-57.0,7.0,1364574600000.0
1688,-57.0,8.0,1326052020000.0
1689,-57.0,9.0,1280591530000.0
1690,-57.0,10.0,1230514810000.0
1691,-57.0,11.0,1177873420000.0
1692,-57.0,12.0,1124390400000.0
1693,-57.0,13.0,1070075740000.0
1694,-57.0,14.0,1018677170000.0
1695,-57.0,15.0,969647260000.0
1696,-57.0,16.0,923488944000.0
1697,-57.0,17.0,880500867000.0
1698,-57.0,18.0,840816591000.0
1699,-57.0,19.0,804443259000.0
1700,-56.0,-30.0,1138553130000.0
1701,-56.0,-29.0,1177344540000.0
1702,-56.0,-28.0,1217134850000.0
1703,-56.0,-27.0,1257170140000.0
1704,-56.0,-26.0,1296408510000.0
1705,-56.0,-25.0,1333481310000.0
1706,-56.0,-24.0,1366670700000.0
1707,-56.0,-23.0,1393921360000.0
1708,-56.0,-22.0,1412920120000.0
1709,-56.0,-21.0,1420926120000.0
1710,-56.0,-20.0,1414630740000.0
1711,-56.0,-19.0,1391971010000.0
1712,-56.0,-18.0,1352633020000.0
1713,-56.0,-17.0,1298274060000.0
1714,-56.0,-16.0,1232387570000.0
1715,-56.0,-15.0,1159780890000.0
1716,-56.0,-14.0,1085827710000.0
1717,-56.0,-13.0,1015697240000.0
1718,-56.0,-12.0,946829197000.0
1719,-56.0,-11.0,896488964000.0
1720,-56.0,-10.0,860049441000.0
1721,-56.0,-9.0,838850970000.0
1722,-56.0,-8.0,833494385000.0
1723,-56.0,-7.0,844054528000.0
1724,-56.0,-6.0,870067601000.0
1725,-56.0,-5.0,910479196000.0
1726,-56.0,-4.0,963494412000.0
1727,-56.0,-3.0,1026443180000.0
1728,-56.0,-2.0,1095757000000.0
1729,-56.0,-1.0,1167114370000.0
1730,-56.0,0.0,1235797800000.0
1731,-56.0,1.0,1297191930000.0
1732,-56.0,2.0,1347321590000.0
1733,-56.0,3.0,1383300330000.0
1734,-56.0,4.0,1403589360000.0
1735,-56.0,5.0,1408031130000.0
1736,-56.0,6.0,1397690200000.0
1737,-56.0,7.0,1374537250000.0
1738,-56.0,8.0,1340647800000.0
1739,-56.0,9.0,1298444060000.0
1740,-56.0,10.0,1250363050000.0
1741,-56.0,11.0,1198628270000.0
1742,-56.0,12.0,1145159290000.0
1743,-56.0,13.0,1090292940000.0
1744,-56.0,14.0,1037701020000.0
1745,-56.0,15.0,987130823000.0
1746,-56.0,16.0,939219157000.0
1747,-56.0,17.0,894371889000.0
1748,-56.0,18.0,852803322000.0
1749,-56.0,19.0,814582989000.0
1750,-55.0,-30.0,1115519840000.0
1751,-55.0,-29.0,1152991100000.0
1752,-55.0,-28.0,1191761410000.0
1753,-55.0,-27.0,1231216840000.0
1754,-55.0,-26.0,1270485350000.0
1755,-55.0,-25.0,1308389930000.0
1756,-55.0,-24.0,1343415780000.0
1757,-55.0,-23.0,1373702720000.0
1758,-55.0,-22.0,1397079930000.0
1759,-55.0,-21.0,1411113810000.0
1760,-55.0,-20.0,1412455460000.0
1761,-55.0,-19.0,1398202430000.0
1762,-55.0,-18.0,1367098260000.0
1763,-55.0,-17.0,1319814560000.0
1764,-55.0,-16.0,1258992040000.0
1765,-55.0,-15.0,1188889230000.0
1766,-55.0,-14.0,1114711520000.0
1767,-55.0,-13.0,1041808880000.0
1768,-55.0,-12.0,968147010000.0
1769,-55.0,-11.0,911314518000.0
1770,-55.0,-10.0,867339272000.0
1771,-55.0,-9.0,837975015000.0
1772,-55.0,-8.0,824186438000.0
1773,-55.0,-7.0,826313409000.0
1774,-55.0,-6.0,844192547000.0
1775,-55.0,-5.0,877142934000.0
1776,-55.0,-4.0,923815117000.0
1777,-55.0,-3.0,982037168000.0
1778,-55.0,-2.0,1048723650000.0
1779,-55.0,-1.0,1119913640000.0
1780,-55.0,0.0,1191018230000.0
1781,-55.0,1.0,1257259530000.0
1782,-55.0,2.0,1314219360000.0
1783,-55.0,3.0,1358354840000.0
1784,-55.0,4.0,1387378380000.0
1785,-55.0,5.0,1400408770000.0
1786,-55.0,6.0,1397901360000.0
1787,-55.0,7.0,1381416830000.0
1788,-55.0,8.0,1353043670000.0
1789,-55.0,9.0,1314912990000.0
1790,-55.0,10.0,1269531930000.0
1791,-55.0,11.0,1219276180000.0
1792,-55.0,12.0,1166260440000.0
1793,-55.0,13.0,1111154100000.0
1794,-55.0,14.0,1057574030000.0
1795,-55.0,15.0,1005580190000.0
1796,-55.0,16.0,955963605000.0
1797,-55.0,17.0,909253870000.0
1798,-55.0,18.0,865764049000.0
1799,-55.0,19.0,825634849000.0
1800,-54.0,-30.0,1092894920000.0
1801,-54.0,-29.0,1128912520000.0
1802,-54.0,-28.0,1166466480000.0
1803,-54.0,-27.0,1205069410000.0
1804,-54.0,-26.0,1244004610000.0
1805,-54.0,-25.0,1282277110000.0
1806,-54.0,-24.0,1318574880000.0
1807,-54.0,-23.0,1351241830000.0
1808,-54.0,-22.0,1378288530000.0
1809,-54.0,-21.0,1397454410000.0
1810,-54.0,-20.0,1405847210000.0
1811,-54.0,-19.0,1399875570000.0
1812,-54.0,-18.0,1377371950000.0
1813,-54.0,-17.0,1337999620000.0
1814,-54.0,-16.0,1283440120000.0
1815,-54.0,-15.0,1217226740000.0
1816,-54.0,-14.0,1144194600000.0
1817,-54.0,-13.0,1069730040000.0
1818,-54.0,-12.0,992242041000.0
1819,-54.0,-11.0,929550434000.0
1820,-54.0,-10.0,878397817000.0
1821,-54.0,-9.0,841015034000.0
1822,-54.0,-8.0,818749112000.0
1823,-54.0,-7.0,812235358000.0
1824,-54.0,-6.0,821636760000.0
1825,-54.0,-5.0,846562591000.0
1826,-54.0,-4.0,886074442000.0
1827,-54.0,-3.0,938509337000.0
1828,-54.0,-2.0,1001299050000.0
1829,-54.0,-1.0,1070943110000.0
1830,-54.0,0.0,1143128460000.0
1831,-54.0,1.0,1213076600000.0
1832,-54.0,2.0,1276056570000.0
1833,-54.0,3.0,1327950200000.0
1834,-54.0,4.0,1365727510000.0
1835,-54.0,5.0,1387731480000.0
1836,-54.0,6.0,1393718200000.0
1837,-54.0,7.0,1384694420000.0
1838,-54.0,8.0,1362607210000.0
1839,-54.0,9.0,1329433280000.0
1840,-54.0,10.0,1287542670000.0
1841,-54.0,11.0,1239429280000.0
1842,-54.0,12.0,1187392390000.0
1843,-54.0,13.0,1132435730000.0
1844,-54.0,14.0,1078138370000.0
1845,-54.0,15.0,1024890040000.0
1846,-54.0,16.0,973656097000.0
1847,-54.0,17.0,925110829000.0
1848,-54.0,18.0,879681208000.0
1849,-54.0,19.0,837595628000.0
1850,-53.0,-30.0,1070848020000.0
1851,-53.0,-29.0,1105308290000.0
1852,-53.0,-28.0,1141482190000.0
1853,-53.0,-27.0,1178996310000.0
1854,-53.0,-26.0,1217273400000.0
1855,-53.0,-25.0,1255490320000.0
1856,-53.0,-24.0,1292526550000.0
1857,-53.0,-23.0,1326935050000.0
1858,-53.0,-22.0,1356926290000.0
1859,-53.0,-21.0,1380397220000.0
1860,-53.0,-20.0,1394917110000.0
1861,-53.0,-19.0,1396821850000.0
1862,-53.0,-18.0,1383009480000.0
1863,-53.0,-17.0,1352154220000.0
1864,-53.0,-16.0,1304914300000.0
1865,-53.0,-15.0,1243944850000.0
1866,-53.0,-14.0,1173522610000.0
1867,-53.0,-13.0,1098858890000.0
1868,-53.0,-12.0,1018734120000.0
1869,-53.0,-11.0,951020683000.0
1870,-53.0,-10.0,893236478000.0
1871,-53.0,-9.0,848131195000.0
1872,-53.0,-8.0,817478173000.0
1873,-53.0,-7.0,802279784000.0
1874,-53.0,-6.0,802935538000.0
1875,-53.0,-5.0,819392414000.0
1876,-53.0,-4.0,851073237000.0
1877,-53.0,-3.0,896766575000.0
1878,-53.0,-2.0,954448609000.0
1879,-53.0,-1.0,1021147940000.0
1880,-53.0,0.0,1092956450000.0
1881,-53.0,1.0,1165262060000.0
1882,-53.0,2.0,1233188160000.0
1883,-53.0,3.0,1292156400000.0
1884,-53.0,4.0,1338447360000.0
1885,-53.0,5.0,1369603700000.0
1886,-53.0,6.0,1384608430000.0
1887,-53.0,7.0,1383816760000.0
1888,-53.0,8.0,1368717920000.0
1889,-53.0,9.0,1341402640000.0
1890,-53.0,10.0,1303867820000.0
1891,-53.0,11.0,1258650210000.0
1892,-53.0,12.0,1208207410000.0
1893,-53.0,13.0,1153872430000.0
1894,-53.0,14.0,1099198960000.0
1895,-53.0,15.0,1044924140000.0
1896,-53.0,16.0,992206848000.0
1897,-53.0,17.0,941886407000.0
1898,-53.0,18.0,894524522000.0
1899,-53.0,19.0,850452218000.0
1900,-52.0,-30.0,1049529480000.0
1901,-52.0,-29.0,1082358560000.0
1902,-52.0,-28.0,1117024810000.0
1903,-52.0,-27.0,1153252980000.0
1904,-52.0,-26.0,1190593170000.0
1905,-52.0,-25.0,1228374670000.0
1906,-52.0,-24.0,1265660590000.0
1907,-52.0,-23.0,1301206660000.0
1908,-52.0,-22.0,1333433200000.0
1909,-52.0,-21.0,1360425780000.0
1910,-52.0,-20.0,1379989450000.0
1911,-52.0,-19.0,1389070250000.0
1912,-52.0,-18.0,1383742180000.0
1913,-52.0,-17.0,1361728370000.0
1914,-52.0,-16.0,1322648470000.0
1915,-52.0,-15.0,1268172850000.0
1916,-52.0,-14.0,1201832460000.0
1917,-52.0,-13.0,1128460580000.0
1918,-52.0,-12.0,1047060350000.0
1919,-52.0,-11.0,975387034000.0
1920,-52.0,-10.0,911716647000.0
1921,-52.0,-9.0,859356856000.0
1922,-52.0,-8.0,820560855000.0
1923,-52.0,-7.0,796711977000.0
1924,-52.0,-6.0,788518011000.0
1925,-52.0,-5.0,796202959000.0
1926,-52.0,-4.0,819518898000.0
1927,-52.0,-3.0,857667142000.0
1928,-52.0,-2.0,909148488000.0
1929,-52.0,-1.0,971547017000.0
1930,-52.0,0.0,1041469800000.0
1931,-52.0,1.0,1114630390000.0
1932,-52.0,2.0,1186186660000.0
1933,-52.0,3.0,1251260630000.0
1934,-52.0,4.0,1305535970000.0
1935,-52.0,5.0,1345774940000.0
1936,-52.0,6.0,1370133230000.0
1937,-52.0,7.0,1378222470000.0
1938,-52.0,8.0,1370944830000.0
1939,-52.0,9.0,1350195610000.0
1940,-52.0,10.0,1317937610000.0
1941,-52.0,11.0,1276448210000.0
1942,-52.0,12.0,1228304020000.0
1943,-52.0,13.0,1175148430000.0
1944,-52.0,14.0,1120519850000.0
1945,-52.0,15.0,1065510500000.0
1946,-52.0,16.0,1011495670000.0
1947,-52.0,17.0,959501369000.0
1948,-52.0,18.0,910243660000.0
1949,-52.0,19.0,864175522000.0
1950,-51.0,-30.0,1029067440000.0
1951,-51.0,-29.0,1060220440000.0
1952,-51.0,-28.0,1093284400000.0
1953,-51.0,-27.0,1128070770000.0
1954,-51.0,-26.0,1164239180000.0
1955,-51.0,-25.0,1201257320000.0
1956,-51.0,-24.0,1238356460000.0
1957,-51.0,-23.0,1274485670000.0
1958,-51.0,-22.0,1308274330000.0
1959,-51.0,-21.0,1338014960000.0
1960,-51.0,-20.0,1361683420000.0
1961,-51.0,-19.0,1376856830000.0
1962,-51.0,-18.0,1379507110000.0
1963,-51.0,-17.0,1366349050000.0
1964,-51.0,-16.0,1335995660000.0
1965,-51.0,-15.0,1289072280000.0
1966,-51.0,-14.0,1228214500000.0
1967,-51.0,-13.0,1157675220000.0
1968,-51.0,-12.0,1076519830000.0
1969,-51.0,-11.0,1002126640000.0
1970,-51.0,-10.0,933533123000.0
1971,-51.0,-9.0,874576085000.0
1972,-51.0,-8.0,828032811000.0
1973,-51.0,-7.0,795717468000.0
1974,-51.0,-6.0,778691740000.0
1975,-51.0,-5.0,777436922000.0
1976,-51.0,-4.0,792011211000.0
1977,-51.0,-3.0,821980824000.0
1978,-51.0,-2.0,866315796000.0
1979,-51.0,-1.0,923170963000.0
1980,-51.0,0.0,989722182000.0
1981,-51.0,1.0,1062150860000.0
1982,-51.0,2.0,1135831940000.0
1983,-51.0,3.0,1205773530000.0
1984,-51.0,4.0,1267205410000.0
1985,-51.0,5.0,1316172200000.0
1986,-51.0,6.0,1349988250000.0
1987,-51.0,7.0,1367442060000.0
1988,-51.0,8.0,1368745310000.0
1989,-51.0,9.0,1355283170000.0
1990,-51.0,10.0,1329163400000.0
1991,-51.0,11.0,1292299670000.0
1992,-51.0,12.0,1247240910000.0
1993,-51.0,13.0,1195909190000.0
1994,-51.0,14.0,1141824550000.0
1995,-51.0,15.0,1086444990000.0
1996,-51.0,16.0,1031377060000.0
1997,-51.0,17.0,977855971000.0
1998,-51.0,18.0,926773215000.0
1999,-51.0,19.0,878724514000.0
2000,-50.0,-30.0,1009563660000.0
2001,-50.0,-29.0,1039021570000.0
2002,-50.0,-28.0,1070422950000.0
2003,-50.0,-27.0,1103650880000.0
2004,-50.0,-26.0,1138459540000.0
2005,-50.0,-25.0,1174440120000.0
2006,-50.0,-24.0,1210974210000.0
2007,-50.0,-23.0,1247190580000.0
2008,-50.0,-22.0,1281921120000.0
2009,-50.0,-21.0,1313671220000.0
2010,-50.0,-20.0,1340614640000.0
2011,-50.0,-19.0,1360632350000.0
2012,-50.0,-18.0,1370457240000.0
2013,-50.0,-17.0,1365849010000.0
2014,-50.0,-16.0,1344466710000.0
2015,-50.0,-15.0,1305892620000.0
2016,-50.0,-14.0,1251763420000.0
2017,-50.0,-13.0,1185563410000.0
2018,-50.0,-12.0,1106251870000.0
2019,-50.0,-11.0,1030559890000.0
2020,-50.0,-10.0,958197137000.0
2021,-50.0,-9.0,893498622000.0
2022,-50.0,-8.0,839779353000.0
2023,-50.0,-7.0,799337218000.0
2024,-50.0,-6.0,773613814000.0
2025,-50.0,-5.0,763396162000.0
2026,-50.0,-4.0,769012335000.0
2027,-50.0,-3.0,790345744000.0
2028,-50.0,-2.0,826781270000.0
2029,-50.0,-1.0,877003604000.0
2030,-50.0,0.0,938795663000.0
2031,-50.0,1.0,1008898800000.0
2032,-50.0,2.0,1083077490000.0
2033,-50.0,3.0,1156423750000.0
2034,-50.0,4.0,1223893320000.0
2035,-50.0,5.0,1280929170000.0
2036,-50.0,6.0,1324034030000.0
2037,-50.0,7.0,1351125040000.0
2038,-50.0,8.0,1361622990000.0
2039,-50.0,9.0,1356295440000.0
2040,-50.0,10.0,1336950390000.0
2041,-50.0,11.0,1305651580000.0
2042,-50.0,12.0,1264536130000.0
2043,-50.0,13.0,1215755850000.0
2044,-50.0,14.0,1162798170000.0
2045,-50.0,15.0,1107485920000.0
2046,-50.0,16.0,1051672770000.0
2047,-50.0,17.0,996821828000.0
2048,-50.0,18.0,944025436000.0
2049,-50.0,19.0,894041391000.0
2050,-49.0,-30.0,991092474000.0
2051,-49.0,-29.0,1018861850000.0
2052,-49.0,-28.0,1048570690000.0
2053,-49.0,-27.0,1080160810000.0
2054,-49.0,-26.0,1113468310000.0
2055,-49.0,-25.0,1148189540000.0
2056,-49.0,-24.0,1183840600000.0
2057,-49.0,-23.0,1219713040000.0
2058,-49.0,-22.0,1254829720000.0
2059,-49.0,-21.0,1287906260000.0
2060,-49.0,-20.0,1317326680000.0
2061,-49.0,-19.0,1341155970000.0
2062,-49.0,-18.0,1356953290000.0
2063,-49.0,-17.0,1360284220000.0
2064,-49.0,-16.0,1347781790000.0
2065,-49.0,-15.0,1318033160000.0
2066,-49.0,-14.0,1271632630000.0
2067,-49.0,-13.0,1211160070000.0
2068,-49.0,-12.0,1135296510000.0
2069,-49.0,-11.0,1059836330000.0
2070,-49.0,-10.0,985040945000.0
2071,-49.0,-9.0,915658375000.0
2072,-49.0,-8.0,855522804000.0
2073,-49.0,-7.0,807445463000.0
2074,-49.0,-6.0,773312610000.0
2075,-49.0,-5.0,754235474000.0
2076,-49.0,-4.0,750822097000.0
2077,-49.0,-3.0,763237433000.0
2078,-49.0,-2.0,791221174000.0
2079,-49.0,-1.0,833929347000.0
2080,-49.0,0.0,889734955000.0
2081,-49.0,1.0,955997749000.0
2082,-49.0,2.0,1029005250000.0
2083,-49.0,3.0,1104131780000.0
2084,-49.0,4.0,1176263460000.0
2085,-49.0,5.0,1240405250000.0
2086,-49.0,6.0,1292329420000.0
2087,-49.0,7.0,1329074410000.0
2088,-49.0,8.0,1349193830000.0
2089,-49.0,9.0,1352725040000.0
2090,-49.0,10.0,1340938650000.0
2091,-49.0,11.0,1315948200000.0
2092,-49.0,12.0,1279678220000.0
2093,-49.0,13.0,1234256400000.0
2094,-49.0,14.0,1183088250000.0
2095,-49.0,15.0,1128359000000.0
2096,-49.0,16.0,1072175780000.0
2097,-49.0,17.0,1016249380000.0
2098,-49.0,18.0,961892712000.0
2099,-49.0,19.0,910051377000.0
2100,-48.0,-30.0,973700465000.0
2101,-48.0,-29.0,999809090000.0
2102,-48.0,-28.0,1027821990000.0
2103,-48.0,-27.0,1057730790000.0
2104,-48.0,-26.0,1089438350000.0
2105,-48.0,-25.0,1122731560000.0
2106,-48.0,-24.0,1157242160000.0
2107,-48.0,-23.0,1192408510000.0
2108,-48.0,-22.0,1227428070000.0
2109,-48.0,-21.0,1261215290000.0
2110,-48.0,-20.0,1292370050000.0
2111,-48.0,-19.0,1319160910000.0
2112,-48.0,-18.0,1339553610000.0
2113,-48.0,-17.0,1349934250000.0
2114,-48.0,-16.0,1345889890000.0
2115,-48.0,-15.0,1325094400000.0
2116,-48.0,-14.0,1287117340000.0
2117,-48.0,-13.0,1233545070000.0
2118,-48.0,-12.0,1162635510000.0
2119,-48.0,-11.0,1088986280000.0
2120,-48.0,-10.0,1013230670000.0
2121,-48.0,-9.0,940399329000.0
2122,-48.0,-8.0,874793730000.0
2123,-48.0,-7.0,819761971000.0
2124,-48.0,-6.0,777648472000.0
2125,-48.0,-5.0,749966721000.0
2126,-48.0,-4.0,737600668000.0
2127,-48.0,-3.0,740984291000.0
2128,-48.0,-2.0,760159404000.0
2129,-48.0,-1.0,794692616000.0
2130,-48.0,0.0,843494064000.0
2131,-48.0,1.0,904548516000.0
2132,-48.0,2.0,974762213000.0
2133,-48.0,3.0,1049963920000.0
2134,-48.0,4.0,1125182210000.0
2135,-48.0,5.0,1195185010000.0
2136,-48.0,6.0,1255148360000.0
2137,-48.0,7.0,1301276920000.0
2138,-48.0,8.0,1331214020000.0
2139,-48.0,9.0,1344180190000.0
2140,-48.0,10.0,1340782020000.0
2141,-48.0,11.0,1322696050000.0
2142,-48.0,12.0,1292114330000.0
2143,-48.0,13.0,1250958110000.0
2144,-48.0,14.0,1202315200000.0
2145,-48.0,15.0,1148757870000.0
2146,-48.0,16.0,1092648760000.0
2147,-48.0,17.0,1035959930000.0
2148,-48.0,18.0,980211270000.0
2149,-48.0,19.0,926562845000.0
2150,-47.0,-30.0,957405856000.0
2151,-47.0,-29.0,981901902000.0
2152,-47.0,-28.0,1008241740000.0
2153,-47.0,-27.0,1036456760000.0
2154,-47.0,-26.0,1066505210000.0
2155,-47.0,-25.0,1098249470000.0
2156,-47.0,-24.0,1131422150000.0
2157,-47.0,-23.0,1165588690000.0
2158,-47.0,-22.0,1200103100000.0
2159,-47.0,-21.0,1234066210000.0
2160,-47.0,-20.0,1266283050000.0
2161,-47.0,-19.0,1295237120000.0
2162,-47.0,-18.0,1319091040000.0
2163,-47.0,-17.0,1335281580000.0
2164,-47.0,-16.0,1338977810000.0
2165,-47.0,-15.0,1326910140000.0
2166,-47.0,-14.0,1297696690000.0
2167,-47.0,-13.0,1251908780000.0
2168,-47.0,-12.0,1187281240000.0
2169,-47.0,-11.0,1116970290000.0
2170,-47.0,-10.0,1041799380000.0
2171,-47.0,-9.0,966909559000.0
2172,-47.0,-8.0,896973668000.0
2173,-47.0,-7.0,835837231000.0
2174,-47.0,-6.0,786346476000.0
2175,-47.0,-5.0,750440743000.0
2176,-47.0,-4.0,729341428000.0
2177,-47.0,-3.0,723743212000.0
2178,-47.0,-2.0,733940744000.0
2179,-47.0,-1.0,759865213000.0
2180,-47.0,0.0,800872792000.0
2181,-47.0,1.0,855562322000.0
2182,-47.0,2.0,921493176000.0
2183,-47.0,3.0,995072541000.0
2184,-47.0,4.0,1071678290000.0
2185,-47.0,5.0,1146062370000.0
2186,-47.0,6.0,1213046590000.0
2187,-47.0,7.0,1268126840000.0
2188,-47.0,8.0,1307857910000.0
2189,-47.0,9.0,1330562600000.0
2190,-47.0,10.0,1336119530000.0
2191,-47.0,11.0,1325718440000.0
2192,-47.0,12.0,1301479030000.0
2193,-47.0,13.0,1265394780000.0
2194,-47.0,14.0,1220074140000.0
2195,-47.0,15.0,1168315250000.0
2196,-47.0,16.0,1112738630000.0
2197,-47.0,17.0,1055600610000.0
2198,-47.0,18.0,998722241000.0
2199,-47.0,19.0,943493284000.0
2200,-46.0,-30.0,942201307000.0
2201,-46.0,-29.0,965146509000.0
2202,-46.0,-28.0,989857382000.0
2203,-46.0,-27.0,1016394090000.0
2204,-46.0,-26.0,1044761150000.0
2205,-46.0,-25.0,1074882220000.0
2206,-46.0,-24.0,1106575490000.0
2207,-46.0,-23.0,1139514020000.0
2208,-46.0,-22.0,1173191520000.0
2209,-46.0,-21.0,1206876240000.0
2210,-46.0,-20.0,1239567430000.0
2211,-46.0,-19.0,1269959230000.0
2212,-46.0,-18.0,1296423320000.0
2213,-46.0,-17.0,1316977640000.0
2214,-46.0,-16.0,1327454620000.0
2215,-46.0,-15.0,1323565190000.0
2216,-46.0,-14.0,1303090040000.0
2217,-46.0,-13.0,1265625730000.0
2218,-46.0,-12.0,1208331400000.0
2219,-46.0,-11.0,1142756340000.0
2220,-46.0,-10.0,1069709260000.0
2221,-46.0,-9.0,994245345000.0
2222,-46.0,-8.0,921272779000.0
2223,-46.0,-7.0,855065035000.0
2224,-46.0,-6.0,798965694000.0
2225,-46.0,-5.0,755376849000.0
2226,-46.0,-4.0,725890433000.0
2227,-46.0,-3.0,711490535000.0
2228,-46.0,-2.0,712737423000.0
2229,-46.0,-1.0,729822921000.0
2230,-46.0,0.0,762505724000.0
2231,-46.0,1.0,809915384000.0
2232,-46.0,2.0,870263947000.0
2233,-46.0,3.0,940707021000.0
2234,-46.0,4.0,1017293310000.0
2235,-46.0,5.0,1094629460000.0
2236,-46.0,6.0,1167280960000.0
2237,-46.0,7.0,1230144010000.0
2238,-46.0,8.0,1279126670000.0
2239,-46.0,9.0,1311612470000.0
2240,-46.0,10.0,1326615100000.0
2241,-46.0,11.0,1324644430000.0
2242,-46.0,12.0,1307377270000.0
2243,-46.0,13.0,1277090330000.0
2244,-46.0,14.0,1235883130000.0
2245,-46.0,15.0,1186648560000.0
2246,-46.0,16.0,1132225500000.0
2247,-46.0,17.0,1075129350000.0
2248,-46.0,18.0,1017453870000.0
2249,-46.0,19.0,960840991000.0
2250,-45.0,-30.0,928054247000.0
2251,-45.0,-29.0,949525545000.0
2252,-45.0,-28.0,972668797000.0
2253,-45.0,-27.0,997567955000.0
2254,-45.0,-26.0,1024262670000.0
2255,-45.0,-25.0,1052727250000.0
2256,-45.0,-24.0,1082848180000.0
2257,-45.0,-23.0,1114393280000.0
2258,-45.0,-22.0,1146976080000.0
2259,-45.0,-21.0,1180011330000.0
2260,-45.0,-20.0,1212677100000.0
2261,-45.0,-19.0,1243867640000.0
2262,-45.0,-18.0,1272165960000.0
2263,-45.0,-17.0,1295835200000.0
2264,-45.0,-16.0,1311914200000.0
2265,-45.0,-15.0,1315383540000.0
2266,-45.0,-14.0,1303272750000.0
2267,-45.0,-13.0,1274303220000.0
2268,-45.0,-12.0,1225060120000.0
2269,-45.0,-11.0,1165391430000.0
2270,-45.0,-10.0,1095905840000.0
2271,-45.0,-9.0,1021377450000.0
2272,-45.0,-8.0,946777686000.0
2273,-45.0,-7.0,876690342000.0
2274,-45.0,-6.0,814920237000.0
2275,-45.0,-5.0,764343878000.0
2276,-45.0,-4.0,726967386000.0
2277,-45.0,-3.0,704100696000.0
2278,-45.0,-2.0,696549310000.0
2279,-45.0,-1.0,704756187000.0
2280,-45.0,0.0,728857575000.0
2281,-45.0,1.0,768801898000.0
2282,-45.0,2.0,822909338000.0
2283,-45.0,3.0,888918442000.0
2284,-45.0,4.0,963348464000.0
2285,-45.0,5.0,1041560110000.0
2286,-45.0,6.0,1118159630000.0
2287,-45.0,7.0,1187661480000.0
2288,-45.0,8.0,1245239970000.0
2289,-45.0,9.0,1287355110000.0
2290,-45.0,10.0,1312085510000.0
2291,-45.0,11.0,1319146360000.0
2292,-45.0,12.0,1309639180000.0
2293,-45.0,13.0,1285676470000.0
2294,-45.0,14.0,1249460490000.0
2295,-45.0,15.0,1203524210000.0
2296,-45.0,16.0,1150888310000.0
2297,-45.0,17.0,1094325900000.0
2298,-45.0,18.0,1036211650000.0
2299,-45.0,19.0,978457919000.0
2300,-44.0,-30.0,914912051000.0
2301,-44.0,-29.0,934995689000.0
2302,-44.0,-28.0,956649374000.0
2303,-44.0,-27.0,979971867000.0
2304,-44.0,-26.0,1005029820000.0
2305,-44.0,-25.0,1031839150000.0
2306,-44.0,-24.0,1060343250000.0
2307,-44.0,-23.0,1090386130000.0
2308,-44.0,-22.0,1121682720000.0
2309,-44.0,-21.0,1153778190000.0
2310,-44.0,-20.0,1186006960000.0
2311,-44.0,-19.0,1217449950000.0
2312,-44.0,-18.0,1246894490000.0
2313,-44.0,-17.0,1272811360000.0
2314,-44.0,-16.0,1293082690000.0
2315,-44.0,-15.0,1302893560000.0
2316,-44.0,-14.0,1298474730000.0
2317,-44.0,-13.0,1277806380000.0
2318,-44.0,-12.0,1236958180000.0
2319,-44.0,-11.0,1184070890000.0
2320,-44.0,-10.0,1119402980000.0
2321,-44.0,-9.0,1047261090000.0
2322,-44.0,-8.0,972487197000.0
2323,-44.0,-7.0,899835822000.0
2324,-44.0,-6.0,833492287000.0
2325,-44.0,-5.0,776775991000.0
2326,-44.0,-4.0,732145779000.0
2327,-44.0,-3.0,701263774000.0
2328,-44.0,-2.0,685716079000.0
2329,-44.0,-1.0,685684556000.0
2330,-44.0,0.0,701444129000.0
2331,-44.0,1.0,732946366000.0
2332,-44.0,2.0,779528372000.0
2333,-44.0,3.0,839596966000.0
2334,-44.0,4.0,910368309000.0
2335,-44.0,5.0,987771306000.0
2336,-44.0,6.0,1066676190000.0
2337,-44.0,7.0,1141443260000.0
2338,-44.0,8.0,1206680680000.0
2339,-44.0,9.0,1257991830000.0
2340,-44.0,10.0,1292493130000.0
2341,-44.0,11.0,1309009250000.0
2342,-44.0,12.0,1307944160000.0
2343,-44.0,13.0,1290947920000.0
2344,-44.0,14.0,1260416660000.0
2345,-44.0,15.0,1218575070000.0
2346,-44.0,16.0,1168410410000.0
2347,-44.0,17.0,1112928810000.0
2348,-44.0,18.0,1054786320000.0
2349,-44.0,19.0,996180165000.0
2350,-43.0,-30.0,902703022000.0
2351,-43.0,-29.0,921494290000.0
2352,-43.0,-28.0,941745963000.0
2353,-43.0,-27.0,963569975000.0
2354,-43.0,-26.0,987051786000.0
2355,-43.0,-25.0,1012238120000.0
2356,-43.0,-24.0,1039118170000.0
2357,-43.0,-23.0,1067599130000.0
2358,-43.0,-22.0,1097481260000.0
2359,-43.0,-21.0,1128418640000.0
2360,-43.0,-20.0,1159885620000.0
2361,-43.0,-19.0,1191129120000.0
2362,-43.0,-18.0,1221127440000.0
2363,-43.0,-17.0,1248557530000.0
2364,-43.0,-16.0,1271754130000.0
2365,-43.0,-15.0,1286774060000.0
2366,-43.0,-14.0,1289141090000.0
2367,-43.0,-13.0,1276259210000.0
2368,-43.0,-12.0,1243774060000.0
2369,-43.0,-11.0,1198201500000.0
2370,-43.0,-10.0,1139344280000.0
2371,-43.0,-9.0,1070892190000.0
2372,-43.0,-8.0,997373772000.0
2373,-43.0,-7.0,923544519000.0
2374,-43.0,-6.0,853835448000.0
2375,-43.0,-5.0,792371855000.0
2376,-43.0,-4.0,741870141000.0
2377,-43.0,-3.0,704082215000.0
2378,-43.0,-2.0,680415265000.0
2379,-43.0,-1.0,671815238000.0
2380,-43.0,0.0,678839255000.0
2381,-43.0,1.0,701746905000.0
2382,-43.0,2.0,740307829000.0
2383,-43.0,3.0,793537479000.0
2384,-43.0,4.0,859353383000.0
2385,-43.0,5.0,934364119000.0
2386,-43.0,6.0,1013897100000.0
2387,-43.0,7.0,1092394160000.0
2388,-43.0,8.0,1164105610000.0
2389,-43.0,9.0,1223901710000.0
2390,-43.0,10.0,1267959200000.0
2391,-43.0,11.0,1294148300000.0
2392,-43.0,12.0,1302060200000.0
2393,-43.0,13.0,1292763400000.0
2394,-43.0,14.0,1268403800000.0
2395,-43.0,15.0,1231451460000.0
2396,-43.0,16.0,1184475910000.0
2397,-43.0,17.0,1130669670000.0
2398,-43.0,18.0,1072959190000.0
2399,-43.0,19.0,1013834510000.0
2400,-42.0,-30.0,891341963000.0
2401,-42.0,-29.0,908941132000.0
2402,-42.0,-28.0,927889293000.0
2403,-42.0,-27.0,948304937000.0
2404,-42.0,-26.0,970288398000.0
2405,-42.0,-25.0,993908752000.0
2406,-42.0,-24.0,1019191300000.0
2407,-42.0,-23.0,1046093820000.0
2408,-42.0,-22.0,1074486580000.0
2409,-42.0,-21.0,1104116320000.0
2410,-42.0,-20.0,1134575750000.0
2411,-42.0,-19.0,1165258520000.0
2412,-42.0,-18.0,1195317260000.0
2413,-42.0,-17.0,1223625020000.0
2414,-42.0,-16.0,1248743000000.0
2415,-42.0,-15.0,1267786710000.0
2416,-42.0,-14.0,1275884340000.0
2417,-42.0,-13.0,1270012840000.0
2418,-42.0,-12.0,1245511290000.0
2419,-42.0,-11.0,1207429230000.0
2420,-42.0,-10.0,1155061780000.0
2421,-42.0,-9.0,1091379660000.0
2422,-42.0,-8.0,1020576860000.0
2423,-42.0,-7.0,947635421000.0
2424,-42.0,-6.0,876508152000.0
2425,-42.0,-5.0,811219288000.0
2426,-42.0,-4.0,755031081000.0
2427,-42.0,-3.0,710425248000.0
2428,-42.0,-2.0,679138689000.0
2429,-42.0,-1.0,662367961000.0
2430,-42.0,0.0,660910440000.0
2431,-42.0,1.0,675270951000.0
2432,-42.0,2.0,705569292000.0
2433,-42.0,3.0,751339045000.0
2434,-42.0,4.0,811158929000.0
2435,-42.0,5.0,882365628000.0
2436,-42.0,6.0,960901939000.0
2437,-42.0,7.0,1041511020000.0
2438,-42.0,8.0,1118317180000.0
2439,-42.0,9.0,1185631830000.0
2440,-42.0,10.0,1238767110000.0
2441,-42.0,11.0,1274615170000.0
2442,-42.0,12.0,1291864640000.0
2443,-42.0,13.0,1290878710000.0
2444,-42.0,14.0,1273349670000.0
2445,-42.0,15.0,1241829470000.0
2446,-42.0,16.0,1198779920000.0
2447,-42.0,17.0,1147278980000.0
2448,-42.0,18.0,1090504160000.0
2449,-42.0,19.0,1031237010000.0
2450,-41.0,-30.0,880731030000.0
2451,-41.0,-29.0,897241711000.0
2452,-41.0,-28.0,914989646000.0
2453,-41.0,-27.0,934096732000.0
2454,-41.0,-26.0,954672939000.0
2455,-41.0,-25.0,976804970000.0
2456,-41.0,-24.0,1000542770000.0
2457,-41.0,-23.0,1025886720000.0
2458,-41.0,-22.0,1052760540000.0
2459,-41.0,-21.0,1080990300000.0
2460,-41.0,-20.0,1110267790000.0
2461,-41.0,-19.0,1140113670000.0
2462,-41.0,-18.0,1169835430000.0
2463,-41.0,-17.0,1198485410000.0
2464,-41.0,-16.0,1224824590000.0
2465,-41.0,-15.0,1246704960000.0
2466,-41.0,-14.0,1259413570000.0
2467,-41.0,-13.0,1259592220000.0
2468,-41.0,-12.0,1242405670000.0
2469,-41.0,-11.0,1211652900000.0
2470,-41.0,-10.0,1166538700000.0
2471,-41.0,-9.0,1109091940000.0
2472,-41.0,-8.0,1042551730000.0
2473,-41.0,-7.0,971100586000.0
2474,-41.0,-6.0,899172794000.0
2475,-41.0,-5.0,830991827000.0
2476,-41.0,-4.0,770179662000.0
2477,-41.0,-3.0,719603499000.0
2478,-41.0,-2.0,681357935000.0
2479,-41.0,-1.0,656946168000.0
2480,-41.0,0.0,647393444000.0
2481,-41.0,1.0,653424263000.0
2482,-41.0,2.0,675436560000.0
2483,-41.0,3.0,713376858000.0
2484,-41.0,4.0,766438801000.0
2485,-41.0,5.0,832667910000.0
2486,-41.0,6.0,908713787000.0
2487,-41.0,7.0,989818454000.0
2488,-41.0,8.0,1070214480000.0
2489,-41.0,9.0,1143865610000.0
2490,-41.0,10.0,1205348070000.0
2491,-41.0,11.0,1250602390000.0
2492,-41.0,12.0,1277351690000.0
2493,-41.0,13.0,1285146280000.0
2494,-41.0,14.0,1275102360000.0
2495,-41.0,15.0,1249479100000.0
2496,-41.0,16.0,1211038830000.0
2497,-41.0,17.0,1162496840000.0
2498,-41.0,18.0,1107194680000.0
2499,-41.0,19.0,1048199560000.0
2500,-40.0,-30.0,870761759000.0
2501,-40.0,-29.0,886288155000.0
2502,-40.0,-28.0,902942556000.0
2503,-40.0,-27.0,920848171000.0
2504,-40.0,-26.0,940118704000.0
2505,-40.0,-25.0,960852525000.0
2506,-40.0,-24.0,983120478000.0
2507,-40.0,-23.0,1006952120000.0
2508,-40.0,-22.0,1032317700000.0
2509,-40.0,-21.0,1059104290000.0
2510,-40.0,-20.0,1087087970000.0
2511,-40.0,-19.0,1115896410000.0
2512,-40.0,-18.0,1144973690000.0
2513,-40.0,-17.0,1173533750000.0
2514,-40.0,-16.0,1200519250000.0
2515,-40.0,-15.0,1224251540000.0
2516,-40.0,-14.0,1240460170000.0
2517,-40.0,-13.0,1245629380000.0
2518,-40.0,-12.0,1235317950000.0
2519,-40.0,-11.0,1212017930000.0
2520,-40.0,-10.0,1174011640000.0
2521,-40.0,-9.0,1122699310000.0
2522,-40.0,-8.0,1060799120000.0
2523,-40.0,-7.0,992025838000.0
2524,-40.0,-6.0,920604246000.0
2525,-40.0,-5.0,850805391000.0
2526,-40.0,-4.0,786499305000.0
2527,-40.0,-3.0,730901447000.0
2528,-40.0,-2.0,686490911000.0
2529,-40.0,-1.0,655069544000.0
2530,-40.0,0.0,637914710000.0
2531,-40.0,1.0,635969208000.0
2532,-40.0,2.0,649850978000.0
2533,-40.0,3.0,679847985000.0
2534,-40.0,4.0,725652144000.0
2535,-40.0,5.0,785986748000.0
2536,-40.0,6.0,858250215000.0
2537,-40.0,7.0,938316792000.0
2538,-40.0,8.0,1020749810000.0
2539,-40.0,9.0,1099396090000.0
2540,-40.0,10.0,1168270690000.0
2541,-40.0,11.0,1222438550000.0
2542,-40.0,12.0,1258638670000.0
2543,-40.0,13.0,1275518120000.0
2544,-40.0,14.0,1273500270000.0
2545,-40.0,15.0,1254409900000.0
2546,-40.0,16.0,1221002400000.0
2547,-40.0,17.0,1176079560000.0
2548,-40.0,18.0,1122812950000.0
2549,-40.0,19.0,1064536050000.0
2550,-39.0,-30.0,861319135000.0
2551,-39.0,-29.0,875964072000.0
2552,-39.0,-28.0,891632222000.0
2553,-39.0,-27.0,908444172000.0
2554,-39.0,-26.0,926516511000.0
2555,-39.0,-25.0,945953571000.0
2556,-39.0,-24.0,966840680000.0
2557,-39.0,-23.0,989230203000.0
2558,-39.0,-22.0,1013127640000.0
2559,-39.0,-21.0,1038469560000.0
2560,-39.0,-20.0,1065100050000.0
2561,-39.0,-19.0,1092738480000.0
2562,-39.0,-18.0,1120944390000.0
2563,-39.0,-17.0,1149073230000.0
2564,-39.0,-16.0,1176236200000.0
2565,-39.0,-15.0,1201045770000.0
2566,-39.0,-14.0,1219711860000.0
2567,-39.0,-13.0,1228788600000.0
2568,-39.0,-12.0,1224665990000.0
2569,-39.0,-11.0,1207716680000.0
2570,-39.0,-10.0,1176389420000.0
2571,-39.0,-9.0,1131395020000.0
2572,-39.0,-8.0,1074766410000.0
2573,-39.0,-7.0,1009650430000.0
2574,-39.0,-6.0,939928453000.0
2575,-39.0,-5.0,869763252000.0
2576,-39.0,-4.0,803148464000.0
2577,-39.0,-3.0,743586136000.0
2578,-39.0,-2.0,693880947000.0
2579,-39.0,-1.0,656182739000.0
2580,-39.0,0.0,632025383000.0
2581,-39.0,1.0,622557135000.0
2582,-39.0,2.0,628618691000.0
2583,-39.0,3.0,650743382000.0
2584,-39.0,4.0,689047994000.0
2585,-39.0,5.0,742855410000.0
2586,-39.0,6.0,810276618000.0
2587,-39.0,7.0,887925375000.0
2588,-39.0,8.0,970870096000.0
2589,-39.0,9.0,1053079500000.0
2590,-39.0,10.0,1128208400000.0
2591,-39.0,11.0,1190576000000.0
2592,-39.0,12.0,1235960990000.0
2593,-39.0,13.0,1262048770000.0
2594,-39.0,14.0,1268464750000.0
2595,-39.0,15.0,1256482930000.0
2596,-39.0,16.0,1228571800000.0
2597,-39.0,17.0,1187807890000.0
2598,-39.0,18.0,1137151180000.0
2599,-39.0,19.0,1080062310000.0
2600,-38.0,-30.0,852281983000.0
2601,-38.0,-29.0,866145141000.0
2602,-38.0,-28.0,880931635000.0
2603,-38.0,-27.0,896758645000.0
2604,-38.0,-26.0,913742299000.0
2605,-38.0,-25.0,931989553000.0
2606,-38.0,-24.0,951595762000.0
2607,-38.0,-23.0,972629541000.0
2608,-38.0,-22.0,995122282000.0
2609,-38.0,-21.0,1019050260000.0
2610,-38.0,-20.0,1044313340000.0
2611,-38.0,-19.0,1070705340000.0
2612,-38.0,-18.0,1097883390000.0
2613,-38.0,-17.0,1125326000000.0
2614,-38.0,-16.0,1152294060000.0
2615,-38.0,-15.0,1177567890000.0
2616,-38.0,-14.0,1197757960000.0
2617,-38.0,-13.0,1209698480000.0
2618,-38.0,-12.0,1210542590000.0
2619,-38.0,-11.0,1199088730000.0
2620,-38.0,-10.0,1173912160000.0
2621,-38.0,-9.0,1135126640000.0
2622,-38.0,-8.0,1084106540000.0
2623,-38.0,-7.0,1023386450000.0
2624,-38.0,-6.0,956387361000.0
2625,-38.0,-5.0,887028777000.0
2626,-38.0,-4.0,819295093000.0
2627,-38.0,-3.0,756858814000.0
2628,-38.0,-2.0,702829887000.0
2629,-38.0,-1.0,659658375000.0
2630,-38.0,0.0,629179220000.0
2631,-38.0,1.0,612753670000.0
2632,-38.0,2.0,611414180000.0
2633,-38.0,3.0,625920311000.0
2634,-38.0,4.0,656709321000.0
2635,-38.0,5.0,703595414000.0
2636,-38.0,6.0,765385507000.0
2637,-38.0,7.0,839438107000.0
2638,-38.0,8.0,921475351000.0
2639,-38.0,9.0,1005788270000.0
2640,-38.0,10.0,1085907140000.0
2641,-38.0,11.0,1155568370000.0
2642,-38.0,12.0,1209663230000.0
2643,-38.0,13.0,1244894070000.0
2644,-38.0,14.0,1260002480000.0
2645,-38.0,15.0,1255600950000.0
2646,-38.0,16.0,1233761340000.0
2647,-38.0,17.0,1197499480000.0
2648,-38.0,18.0,1150021270000.0
2649,-38.0,19.0,1094605080000.0
2650,-37.0,-30.0,843525128000.0
2651,-37.0,-29.0,856701534000.0
2652,-37.0,-28.0,870707167000.0
2653,-37.0,-27.0,885655142000.0
2654,-37.0,-26.0,901659034000.0
2655,-37.0,-25.0,918826779000.0
2656,-37.0,-24.0,937257599000.0
2657,-37.0,-23.0,957033021000.0
2658,-37.0,-22.0,978202001000.0
2659,-37.0,-21.0,1000772800000.0
2660,-37.0,-20.0,1024688780000.0
2661,-37.0,-19.0,1049805060000.0
2662,-37.0,-18.0,1075859550000.0
2663,-37.0,-17.0,1102436110000.0
2664,-37.0,-16.0,1128924840000.0
2665,-37.0,-15.0,1154142180000.0
2666,-37.0,-14.0,1175047900000.0
2667,-37.0,-13.0,1188976130000.0
2668,-37.0,-12.0,1193563390000.0
2669,-37.0,-11.0,1186669260000.0
2670,-37.0,-10.0,1166941090000.0
2671,-37.0,-9.0,1134015150000.0
2672,-37.0,-8.0,1088668630000.0
2673,-37.0,-7.0,1032821600000.0
2674,-37.0,-6.0,969365717000.0
2675,-37.0,-5.0,901863506000.0
2676,-37.0,-4.0,834147516000.0
2677,-37.0,-3.0,769960641000.0
2678,-37.0,-2.0,712622342000.0
2679,-37.0,-1.0,664866390000.0
2680,-37.0,0.0,628815430000.0
2681,-37.0,1.0,606073782000.0
2682,-37.0,2.0,597849604000.0
2683,-37.0,3.0,605110075000.0
2684,-37.0,4.0,628541489000.0
2685,-37.0,5.0,668369682000.0
2686,-37.0,6.0,723989430000.0
2687,-37.0,7.0,793504252000.0
2688,-37.0,8.0,873365897000.0
2689,-37.0,9.0,958374281000.0
2690,-37.0,10.0,1042150980000.0
2691,-37.0,11.0,1118048350000.0
2692,-37.0,12.0,1180186710000.0
2693,-37.0,13.0,1224306330000.0
2694,-37.0,14.0,1248205470000.0
2695,-37.0,15.0,1251735240000.0
2696,-37.0,16.0,1236464830000.0
2697,-37.0,17.0,1205168370000.0
2698,-37.0,18.0,1161259380000.0
2699,-37.0,19.0,1108003130000.0
2700,-36.0,-30.0,834922217000.0
2701,-36.0,-29.0,847498772000.0
2702,-36.0,-28.0,860818899000.0
2703,-36.0,-27.0,874989486000.0
2704,-36.0,-26.0,890119717000.0
2705,-36.0,-25.0,906316546000.0
2706,-36.0,-24.0,923680440000.0
2707,-36.0,-23.0,942299873000.0
2708,-36.0,-22.0,962239398000.0
2709,-36.0,-21.0,983528309000.0
2710,-36.0,-20.0,1006144980000.0
2711,-36.0,-19.0,1029993460000.0
2712,-36.0,-18.0,1054878660000.0
2713,-36.0,-17.0,1080472500000.0
2714,-36.0,-16.0,1106276650000.0
2715,-36.0,-15.0,1130957770000.0
2716,-36.0,-14.0,1152056160000.0
2717,-36.0,-13.0,1167259730000.0
2718,-36.0,-12.0,1174255570000.0
2719,-36.0,-11.0,1170980730000.0
2720,-36.0,-10.0,1155906800000.0
2721,-36.0,-9.0,1128313650000.0
2722,-36.0,-8.0,1088478450000.0
2723,-36.0,-7.0,1037733790000.0
2724,-36.0,-6.0,978419122000.0
2725,-36.0,-5.0,913649435000.0
2726,-36.0,-4.0,847004500000.0
2727,-36.0,-3.0,782159512000.0
2728,-36.0,-2.0,722553930000.0
2729,-36.0,-1.0,671152407000.0
2730,-36.0,0.0,630345236000.0
2731,-36.0,1.0,601977848000.0
2732,-36.0,2.0,587474010000.0
2733,-36.0,3.0,587964154000.0
2734,-36.0,4.0,604348023000.0
2735,-36.0,5.0,637160784000.0
2736,-36.0,6.0,686317502000.0
2737,-36.0,7.0,750599995000.0
2738,-36.0,8.0,827222196000.0
2739,-36.0,9.0,911622144000.0
2740,-36.0,10.0,997718753000.0
2741,-36.0,11.0,1078692680000.0
2742,-36.0,12.0,1148047980000.0
2743,-36.0,13.0,1200622400000.0
2744,-36.0,14.0,1233247010000.0
2745,-36.0,15.0,1244930110000.0
2746,-36.0,16.0,1236632080000.0
2747,-36.0,17.0,1210791620000.0
2748,-36.0,18.0,1170756340000.0
2749,-36.0,19.0,1120115880000.0
2750,-35.0,-30.0,826345980000.0
2751,-35.0,-29.0,838403359000.0
2752,-35.0,-28.0,851125797000.0
2753,-35.0,-27.0,864614089000.0
2754,-35.0,-26.0,878971781000.0
2755,-35.0,-25.0,894301700000.0
2756,-35.0,-24.0,910706409000.0
2757,-35.0,-23.0,928276546000.0
2758,-35.0,-22.0,947085771000.0
2759,-35.0,-21.0,967181337000.0
2760,-35.0,-20.0,988566192000.0
2761,-35.0,-19.0,1011184570000.0
2762,-35.0,-18.0,1034895100000.0
2763,-35.0,-17.0,1059438000000.0
2764,-35.0,-16.0,1084348430000.0
2765,-35.0,-15.0,1108086880000.0
2766,-35.0,-14.0,1128796130000.0
2767,-35.0,-13.0,1144471420000.0
2768,-35.0,-12.0,1153019540000.0
2769,-35.0,-11.0,1152471400000.0
2770,-35.0,-10.0,1141234730000.0
2771,-35.0,-9.0,1118352830000.0
2772,-35.0,-8.0,1083687570000.0
2773,-35.0,-7.0,1038065860000.0
2774,-35.0,-6.0,983273570000.0
2775,-35.0,-5.0,921935741000.0
2776,-35.0,-4.0,857276875000.0
2777,-35.0,-3.0,792801968000.0
2778,-35.0,-2.0,731966472000.0
2779,-35.0,-1.0,677881381000.0
2780,-35.0,0.0,633178554000.0
2781,-35.0,1.0,599943873000.0
2782,-35.0,2.0,579808657000.0
2783,-35.0,3.0,574075896000.0
2784,-35.0,4.0,583814349000.0
2785,-35.0,5.0,609835745000.0
2786,-35.0,6.0,652442927000.0
2787,-35.0,7.0,711041679000.0
2788,-35.0,8.0,783580201000.0
2789,-35.0,9.0,866219786000.0
2790,-35.0,10.0,953351274000.0
2791,-35.0,11.0,1038193850000.0
2792,-35.0,12.0,1113813810000.0
2793,-35.0,13.0,1174249140000.0
2794,-35.0,14.0,1215374030000.0
2795,-35.0,15.0,1235293570000.0
2796,-35.0,16.0,1234268980000.0
2797,-35.0,17.0,1214303960000.0
2798,-35.0,18.0,1178571510000.0
2799,-35.0,19.0,1130823550000.0
2800,-34.0,-30.0,817672421000.0
2801,-34.0,-29.0,829282124000.0
2802,-34.0,-28.0,841486107000.0
2803,-34.0,-27.0,854378414000.0
2804,-34.0,-26.0,868057022000.0
2805,-34.0,-25.0,882621153000.0
2806,-34.0,-24.0,898169897000.0
2807,-34.0,-23.0,914796052000.0
2808,-34.0,-22.0,932578787000.0
2809,-34.0,-21.0,951576035000.0
2810,-34.0,-20.0,971810996000.0
2811,-34.0,-19.0,993246577000.0
2812,-34.0,-18.0,1015809840000.0
2813,-34.0,-17.0,1039289220000.0
2814,-34.0,-16.0,1062867830000.0
2815,-34.0,-15.0,1085321380000.0
2816,-34.0,-14.0,1105181800000.0
2817,-34.0,-13.0,1120728120000.0
2818,-34.0,-12.0,1130103310000.0
2819,-34.0,-11.0,1131490050000.0
2820,-34.0,-10.0,1123316270000.0
2821,-34.0,-9.0,1104477290000.0
2822,-34.0,-8.0,1074540640000.0
2823,-34.0,-7.0,1033893710000.0
2824,-34.0,-6.0,983811162000.0
2825,-34.0,-5.0,926413881000.0
2826,-34.0,-4.0,864509362000.0
2827,-34.0,-3.0,801334231000.0
2828,-34.0,-2.0,740252975000.0
2829,-34.0,-1.0,684456935000.0
2830,-34.0,0.0,636751708000.0
2831,-34.0,1.0,599436493000.0
2832,-34.0,2.0,574365106000.0
2833,-34.0,3.0,563012502000.0
2834,-34.0,4.0,566612591000.0
2835,-34.0,5.0,586166698000.0
2836,-34.0,6.0,622323565000.0
2837,-34.0,7.0,674990457000.0
2838,-34.0,8.0,742830047000.0
2839,-34.0,9.0,822741369000.0
2840,-34.0,10.0,909724287000.0
2841,-34.0,11.0,997228675000.0
2842,-34.0,12.0,1078080180000.0
2843,-34.0,13.0,1145648320000.0
2844,-34.0,14.0,1194897180000.0
2845,-34.0,15.0,1222999280000.0
2846,-34.0,16.0,1229437140000.0
2847,-34.0,17.0,1215686770000.0
2848,-34.0,18.0,1184662030000.0
2849,-34.0,19.0,1140089030000.0
2850,-33.0,-30.0,808782332000.0
2851,-33.0,-29.0,820005831000.0
2852,-33.0,-28.0,831761285000.0
2853,-33.0,-27.0,844135793000.0
2854,-33.0,-26.0,857220776000.0
2855,-33.0,-25.0,871111524000.0
2856,-33.0,-24.0,885902606000.0
2857,-33.0,-23.0,901686034000.0
2858,-33.0,-22.0,918543663000.0
2859,-33.0,-21.0,936531919000.0
2860,-33.0,-20.0,955705917000.0
2861,-33.0,-19.0,976066642000.0
2862,-33.0,-18.0,997483151000.0
2863,-33.0,-17.0,1019496170000.0
2864,-33.0,-16.0,1041435390000.0
2865,-33.0,-15.0,1062354420000.0
2866,-33.0,-14.0,1081024320000.0
2867,-33.0,-13.0,1095979570000.0
2868,-33.0,-12.0,1105603720000.0
2869,-33.0,-11.0,1108258590000.0
2870,-33.0,-10.0,1102451970000.0
2871,-33.0,-9.0,1087021450000.0
2872,-33.0,-8.0,1061321900000.0
2873,-33.0,-7.0,1025393100000.0
2874,-33.0,-6.0,980059947000.0
2875,-33.0,-5.0,926931550000.0
2876,-33.0,-4.0,868391256000.0
2877,-33.0,-3.0,807324942000.0
2878,-33.0,-2.0,746919035000.0
2879,-33.0,-1.0,690346066000.0
2880,-33.0,0.0,640523108000.0
2881,-33.0,1.0,599947674000.0
2882,-33.0,2.0,570665206000.0
2883,-33.0,3.0,554333962000.0
2884,-33.0,4.0,552341733000.0
2885,-33.0,5.0,565860041000.0
2886,-33.0,6.0,595798196000.0
2887,-33.0,7.0,642488009000.0
2888,-33.0,8.0,705214546000.0
2889,-33.0,9.0,781633323000.0
2890,-33.0,10.0,867421454000.0
2891,-33.0,11.0,956433564000.0
2892,-33.0,12.0,1041443910000.0
2893,-33.0,13.0,1115314590000.0
2894,-33.0,14.0,1172178600000.0
2895,-33.0,15.0,1208274910000.0
2896,-33.0,16.0,1222249150000.0
2897,-33.0,17.0,1214965350000.0
2898,-33.0,18.0,1188992650000.0
2899,-33.0,19.0,1147960030000.0
2900,-32.0,-30.0,799562072000.0
2901,-32.0,-29.0,810451468000.0
2902,-32.0,-28.0,821818229000.0
2903,-32.0,-27.0,833742635000.0
2904,-32.0,-26.0,846310998000.0
2905,-32.0,-25.0,859611333000.0
2906,-32.0,-24.0,873734996000.0
2907,-32.0,-23.0,888770200000.0
2908,-32.0,-22.0,904804893000.0
2909,-32.0,-21.0,921893798000.0
2910,-32.0,-20.0,940038357000.0
2911,-32.0,-19.0,959159665000.0
2912,-32.0,-18.0,979060130000.0
2913,-32.0,-17.0,999375438000.0
2914,-32.0,-16.0,1019539160000.0
2915,-32.0,-15.0,1038757590000.0
2916,-32.0,-14.0,1056003390000.0
2917,-32.0,-13.0,1070040350000.0
2918,-32.0,-12.0,1079481010000.0
2919,-32.0,-11.0,1082882330000.0
2920,-32.0,-10.0,1078865430000.0
2921,-32.0,-9.0,1066273930000.0
2922,-32.0,-8.0,1044330250000.0
2923,-32.0,-7.0,1012806320000.0
2924,-32.0,-6.0,972122489000.0
2925,-32.0,-5.0,923470463000.0
2926,-32.0,-4.0,868747641000.0
2927,-32.0,-3.0,810469884000.0
2928,-32.0,-2.0,751561605000.0
2929,-32.0,-1.0,695096574000.0
2930,-32.0,0.0,644031906000.0
2931,-32.0,1.0,601009488000.0
2932,-32.0,2.0,568256758000.0
2933,-32.0,3.0,547614392000.0
2934,-32.0,4.0,540606726000.0
2935,-32.0,5.0,548567974000.0
2936,-32.0,6.0,572632531000.0
2937,-32.0,7.0,613453267000.0
2938,-32.0,8.0,670863983000.0
2939,-32.0,9.0,743217889000.0
2940,-32.0,10.0,826929709000.0
2941,-32.0,11.0,916381041000.0
2942,-32.0,12.0,1004482400000.0
2943,-32.0,13.0,1083757630000.0
2944,-32.0,14.0,1147616360000.0
2945,-32.0,15.0,1191394410000.0
2946,-32.0,16.0,1212864400000.0
2947,-32.0,17.0,1212205240000.0
2948,-32.0,18.0,1191560870000.0
2949,-32.0,19.0,1154392650000.0
2950,-31.0,-30.0,789827355000.0
2951,-31.0,-29.0,800420069000.0
2952,-31.0,-28.0,811439227000.0
2953,-31.0,-27.0,822956655000.0
2954,-31.0,-26.0,835047522000.0
2955,-31.0,-25.0,847802008000.0
2956,-31.0,-24.0,861306880000.0
2957,-31.0,-23.0,875615224000.0
2958,-31.0,-22.0,890783203000.0
2959,-31.0,-21.0,906837885000.0
2960,-31.0,-20.0,923759215000.0
2961,-31.0,-19.0,941455507000.0
2962,-31.0,-18.0,959734546000.0
2963,-31.0,-17.0,978273567000.0
2964,-31.0,-16.0,996590158000.0
2965,-31.0,-15.0,1014019520000.0
2966,-31.0,-14.0,1029708050000.0
2967,-31.0,-13.0,1042624090000.0
2968,-31.0,-12.0,1051594920000.0
2969,-31.0,-11.0,1055366180000.0
2970,-31.0,-10.0,1052697620000.0
2971,-31.0,-9.0,1042474990000.0
2972,-31.0,-8.0,1023853260000.0
2973,-31.0,-7.0,996400562000.0
2974,-31.0,-6.0,960235438000.0
2975,-31.0,-5.0,916127613000.0
2976,-31.0,-4.0,865544045000.0
2977,-31.0,-3.0,810593616000.0
2978,-31.0,-2.0,753898357000.0
2979,-31.0,-1.0,698348339000.0
2980,-31.0,0.0,646875709000.0
2981,-31.0,1.0,602206896000.0
2982,-31.0,2.0,566726492000.0
2983,-31.0,3.0,542439342000.0
2984,-31.0,4.0,531033883000.0
2985,-31.0,5.0,533983068000.0
2986,-31.0,6.0,552564359000.0
2987,-31.0,7.0,587738186000.0
2988,-31.0,8.0,639781175000.0
2989,-31.0,9.0,707696656000.0
2990,-31.0,10.0,788621820000.0
2991,-31.0,11.0,877567017000.0
2992,-31.0,12.0,967734395000.0
2993,-31.0,13.0,1051481930000.0
2994,-31.0,14.0,1121630810000.0
2995,-31.0,15.0,1172668280000.0
2996,-31.0,16.0,1201483150000.0
2997,-31.0,17.0,1207511550000.0
2998,-31.0,18.0,1192398550000.0
2999,-31.0,19.0,1159366970000.0
3000,-30.0,-30.0,779065557000.0
3001,-30.0,-29.0,789331378000.0
3002,-30.0,-28.0,799969968000.0
3003,-30.0,-27.0,811047649000.0
3004,-30.0,-26.0,822699950000.0
3005,-30.0,-25.0,834911797000.0
3006,-30.0,-24.0,847745384000.0
3007,-30.0,-23.0,861252092000.0
3008,-30.0,-22.0,875467637000.0
3009,-30.0,-21.0,890398704000.0
3010,-30.0,-20.0,906009772000.0
3011,-30.0,-19.0,922204570000.0
3012,-30.0,-18.0,938806477000.0
3013,-30.0,-17.0,955534541000.0
3014,-30.0,-16.0,971982111000.0
3015,-30.0,-15.0,987601306000.0
3016,-30.0,-14.0,1001690230000.0
3017,-30.0,-13.0,1013397980000.0
3018,-30.0,-12.0,1021743070000.0
3019,-30.0,-11.0,1025653280000.0
3020,-30.0,-10.0,1024027530000.0
3021,-30.0,-9.0,1015821890000.0
3022,-30.0,-8.0,1000166650000.0
3023,-30.0,-7.0,976490201000.0
3024,-30.0,-6.0,944657007000.0
3025,-30.0,-5.0,905092596000.0
3026,-30.0,-4.0,858856423000.0
3027,-30.0,-3.0,807657603000.0
3028,-30.0,-2.0,753763156000.0
3029,-30.0,-1.0,699846558000.0
3030,-30.0,0.0,648735621000.0
3031,-30.0,1.0,603189543000.0
3032,-30.0,2.0,565708587000.0
3033,-30.0,3.0,538451247000.0
3034,-30.0,4.0,523255939000.0
3035,-30.0,5.0,521729376000.0
3036,-30.0,6.0,535292609000.0
3037,-30.0,7.0,565133246000.0
3038,-30.0,8.0,611907469000.0
3039,-30.0,9.0,675168977000.0
3040,-30.0,10.0,752771662000.0
3041,-30.0,11.0,840400306000.0
3042,-30.0,12.0,931681206000.0
3043,-30.0,13.0,1018972730000.0
3044,-30.0,14.0,1094649450000.0
3045,-30.0,15.0,1152432470000.0
3046,-30.0,16.0,1188338600000.0
3047,-30.0,17.0,1201024140000.0
3048,-30.0,18.0,1191568870000.0
3049,-30.0,19.0,1162890310000.0
